0.440000	0.980000	1
6.440000	6.970000	2
9.380000	9.910000	3
17.630000	18.160000	4
24.390000	24.930000	5
28.360000	28.900000	6
32.050000	32.590000	7
35.570000	36.110000	8
40.460000	40.990000	9
45.490000	46.030000	10
48.870000	49.410000	11
52.680000	53.220000	12
59.280000	59.820000	13
62.900000	63.440000	14
74.790000	75.330000	15
79.130000	79.670000	16
83.310000	83.850000	17
87.480000	88.020000	18
90.480000	91.020000	19
95.780000	96.320000	20
103.770000	104.300000	21
107.870000	108.410000	22
113.540000	114.080000	23
119.850000	120.390000	24
127.850000	128.390000	25
134.380000	134.910000	26
141.110000	141.650000	27
144.560000	145.100000	28
147.900000	148.440000	29
154.390000	154.930000	30
160.650000	161.190000	31
164.960000	165.500000	32
168.670000	169.210000	33
176.540000	177.080000	34
185.180000	185.720000	35
190.550000	191.080000	36
197.160000	197.700000	37
200.250000	200.780000	38
203.570000	204.110000	39
206.610000	207.150000	40
209.250000	209.790000	41
213.640000	214.170000	42
219.140000	219.670000	43
222.220000	222.760000	44
229.220000	229.760000	45
238.900000	239.440000	46
245.230000	245.770000	47
250.080000	250.620000	48
259.060000	259.600000	49
264.360000	264.900000	50
268.910000	269.450000	51
278.950000	279.490000	52
286.850000	287.390000	53
291.460000	292.000000	54
297.610000	298.150000	55
309.900000	310.440000	56
315.340000	315.880000	57
320.890000	321.430000	58
335.520000	336.050000	59
340.270000	340.810000	60
342.820000	343.360000	61
345.610000	346.140000	62
349.220000	349.760000	63
363.310000	363.840000	64
373.020000	373.560000	65
376.780000	377.320000	66
379.520000	380.060000	67
382.560000	383.100000	68
385.070000	385.600000	69
390.790000	391.330000	70
396.660000	397.200000	71
399.500000	400.040000	72
402.490000	403.030000	73
408.200000	408.740000	74
412.050000	412.590000	75
419.410000	419.940000	76
424.010000	424.550000	77
428.810000	429.350000	78
433.720000	434.260000	79
438.340000	438.880000	80
441.540000	442.080000	81
448.730000	449.270000	82
457.330000	457.870000	83
466.220000	466.760000	84
471.830000	472.360000	85
480.770000	481.310000	86
485.500000	486.030000	87
492.470000	493.010000	88
500.800000	501.340000	89
513.030000	513.570000	90
516.890000	517.420000	91
522.330000	522.860000	92
534.310000	534.850000	93
546.790000	547.330000	94
556.730000	557.270000	95
560.360000	560.900000	96
567.200000	567.740000	97
574.820000	575.360000	98
582.140000	582.680000	99
591.840000	592.380000	100
599.570000	600.110000	101
606.590000	607.130000	102
611.430000	611.970000	103
620.610000	621.150000	104
626.820000	627.360000	105
632.140000	632.680000	106
647.330000	647.870000	107
655.840000	656.380000	108
667.780000	668.320000	109
677.360000	677.900000	110
689.050000	689.590000	111
696.010000	696.550000	112
701.990000	702.520000	113
708.320000	708.860000	114
712.790000	713.330000	115
720.130000	720.670000	116
724.360000	724.890000	117
727.880000	728.420000	118
740.120000	740.660000	119
745.930000	746.460000	120
751.830000	752.370000	121
761.570000	762.110000	122
772.030000	772.570000	123
778.900000	779.440000	124
784.820000	785.360000	125
793.580000	794.120000	126
803.120000	803.650000	127
813.570000	814.100000	128
821.840000	822.380000	129
825.300000	825.840000	130
832.960000	833.500000	131
838.680000	839.220000	132
849.610000	850.150000	133
855.470000	856.010000	134
858.820000	859.350000	135
862.380000	862.920000	136
865.140000	865.680000	137
870.020000	870.560000	138
885.010000	885.550000	139
890.480000	891.020000	140
895.590000	896.130000	141
904.000000	904.540000	142
909.860000	910.400000	143
918.320000	918.860000	144
926.880000	927.420000	145
932.800000	933.330000	146
936.310000	936.850000	147
944.180000	944.720000	148
951.710000	952.230000	149
956.390000	956.910000	150
961.120000	961.640000	151
967.370000	967.890000	152
972.800000	973.320000	153
976.840000	977.360000	154
984.100000	984.620000	155
990.100000	990.620000	156
996.530000	997.050000	157
999.850000	1000.370000	158
1003.100000	1003.620000	159
1006.230000	1006.750000	160
1013.540000	1014.060000	161
1019.810000	1020.340000	162
1025.950000	1026.470000	163
1034.540000	1035.060000	164
1038.800000	1039.320000	165
1044.570000	1045.090000	166
1051.670000	1052.200000	167
1057.220000	1057.740000	168
1063.700000	1064.220000	169
1070.940000	1071.470000	170
1077.520000	1078.040000	171
1084.060000	1084.580000	172
1090.720000	1091.240000	173
1096.240000	1096.760000	174
1101.160000	1101.680000	175
1108.430000	1108.950000	176
1114.030000	1114.550000	177
1119.370000	1119.890000	178
1125.680000	1126.200000	179
1131.580000	1132.100000	180
1138.010000	1138.530000	181
1144.570000	1145.090000	182
1150.860000	1151.380000	183
1156.460000	1156.980000	184
1160.700000	1161.220000	185
1164.760000	1165.280000	186
1172.620000	1173.140000	187
1181.470000	1181.990000	188
1187.150000	1187.670000	189
1194.100000	1194.620000	190
1201.990000	1202.510000	191
1210.060000	1210.580000	192
1214.580000	1215.110000	193
1217.550000	1218.070000	194
1222.760000	1223.280000	195
1227.240000	1227.760000	196
1237.350000	1237.870000	197
1240.780000	1241.300000	198
1248.540000	1249.060000	199
1252.730000	1253.250000	200
1256.540000	1257.060000	201
1259.840000	1260.360000	202
1263.500000	1264.020000	203
1266.920000	1267.440000	204
1271.270000	1271.790000	205
1278.240000	1278.760000	206
1287.700000	1288.220000	207
1294.160000	1294.680000	208
1300.290000	1300.810000	209
1307.890000	1308.410000	210
1310.340000	1310.860000	211
1312.390000	1312.910000	212
1319.130000	1319.650000	213
1324.810000	1325.330000	214
1327.940000	1328.460000	215
1331.850000	1332.370000	216
1337.450000	1337.970000	217
1343.250000	1343.770000	218
1348.800000	1349.330000	219
1355.490000	1356.010000	220
1363.790000	1364.310000	221
1370.520000	1371.040000	222
1378.420000	1378.950000	223
1386.960000	1387.480000	224
1393.330000	1393.850000	225
1400.220000	1400.740000	226
1407.720000	1408.240000	227
1416.650000	1417.170000	228
1422.190000	1422.720000	229
1427.590000	1428.110000	230
1429.960000	1430.480000	231
1436.480000	1437.000000	232
1442.050000	1442.570000	233
1447.300000	1447.820000	234
1453.690000	1454.210000	235
1458.930000	1459.450000	236
1462.810000	1463.330000	237
1467.180000	1467.700000	238
1470.540000	1471.060000	239
1473.770000	1474.290000	240
1477.090000	1477.610000	241
1481.490000	1482.020000	242
1488.460000	1488.980000	243
1493.370000	1493.890000	244
1498.130000	1498.650000	245
1502.930000	1503.460000	246
1508.080000	1508.600000	247
1514.940000	1515.460000	248
1522.490000	1523.010000	249
1529.890000	1530.410000	250
1536.620000	1537.140000	251
1546.480000	1547.010000	252
1550.270000	1550.790000	253
1553.660000	1554.180000	254
1557.180000	1557.700000	255
1560.250000	1560.770000	256
1564.550000	1565.070000	257
1571.760000	1572.280000	258
1578.920000	1579.440000	259
1588.010000	1588.530000	260
1595.280000	1595.800000	261
1603.120000	1603.650000	262
1610.580000	1611.100000	263
1616.880000	1617.400000	264
1625.400000	1625.920000	265
1631.850000	1632.370000	266
1638.520000	1639.050000	267
1642.510000	1643.030000	268
1646.240000	1646.760000	269
1653.100000	1653.620000	270
1658.200000	1658.720000	271
1663.580000	1664.100000	272
1667.740000	1668.270000	273
1672.050000	1672.570000	274
1674.330000	1674.850000	275
1677.770000	1678.290000	276
1686.470000	1686.990000	277
1695.010000	1695.530000	278
1701.380000	1701.900000	279
1704.350000	1704.870000	280
1712.280000	1712.800000	281
1720.660000	1721.180000	282
1725.710000	1726.230000	283
1731.010000	1731.530000	284
1738.700000	1739.230000	285
1746.650000	1747.170000	286
1753.910000	1754.430000	287
1762.750000	1763.270000	288
1771.490000	1772.010000	289
1777.340000	1777.860000	290
1783.100000	1783.630000	291
1788.500000	1789.020000	292
1792.920000	1793.440000	293
1797.170000	1797.690000	294
1805.290000	1805.810000	295
1809.150000	1809.670000	296
1815.650000	1816.170000	297
1824.000000	1824.520000	298
1827.530000	1828.060000	299
1832.480000	1833.000000	300
1836.550000	1837.070000	301
1844.040000	1844.560000	302
1852.330000	1852.860000	303
1857.270000	1857.790000	304
1860.660000	1861.180000	305
1866.070000	1866.590000	306
1869.990000	1870.510000	307
1874.860000	1875.380000	308
1880.340000	1880.860000	309
1886.180000	1886.700000	310
1892.160000	1892.680000	311
1899.530000	1900.050000	312
1905.970000	1906.500000	313
1912.640000	1913.160000	314
1916.310000	1916.830000	315
1921.950000	1922.470000	316
1926.070000	1926.590000	317
1929.610000	1930.130000	318
1931.630000	1932.150000	319
1934.100000	1934.620000	320
1937.650000	1938.170000	321
1946.030000	1946.560000	322
1951.900000	1952.420000	323
1959.680000	1960.200000	324
1966.350000	1966.870000	325
1974.090000	1974.610000	326
1978.580000	1979.100000	327
1986.360000	1986.890000	328
1994.350000	1994.870000	329
1997.700000	1998.220000	330
2003.160000	2003.680000	331
2010.800000	2011.320000	332
2019.090000	2019.610000	333
2024.100000	2024.620000	334
2030.960000	2031.480000	335
2036.860000	2037.380000	336
2040.700000	2041.220000	337
2044.290000	2044.810000	338
2049.190000	2049.710000	339
2054.810000	2055.340000	340
2060.870000	2061.390000	341
2065.580000	2066.100000	342
2073.680000	2074.200000	343
2076.590000	2077.110000	344
2080.040000	2080.560000	345
2084.080000	2084.600000	346
2086.650000	2087.170000	347
2088.830000	2089.350000	348
2094.280000	2094.800000	349
2097.930000	2098.450000	350
2102.620000	2103.150000	351
2106.940000	2107.460000	352
2110.090000	2110.610000	353
2113.750000	2114.270000	354
2118.280000	2118.800000	355
2122.150000	2122.670000	356
2126.710000	2127.240000	357
2130.200000	2130.720000	358
2133.700000	2134.220000	359
2139.340000	2139.860000	360
2142.880000	2143.400000	361
2144.620000	2145.140000	362
2147.600000	2148.120000	363
2150.640000	2151.160000	364
2155.640000	2156.160000	365
2159.350000	2159.870000	366
2162.210000	2162.730000	367
2165.060000	2165.580000	368
2169.550000	2170.070000	369
2173.500000	2174.020000	370
2177.100000	2177.620000	371
2181.930000	2182.460000	372
2185.410000	2185.930000	373
2187.600000	2188.120000	374
2189.600000	2190.120000	375
2192.300000	2192.820000	376
2196.140000	2196.670000	377
2198.700000	2199.230000	378
2202.040000	2202.560000	379
2206.000000	2206.520000	380
2210.130000	2210.660000	381
2215.420000	2215.940000	382
2218.310000	2218.830000	383
2222.770000	2223.300000	384
2225.850000	2226.370000	385
2230.800000	2231.320000	386
2234.130000	2234.650000	387
2237.170000	2237.690000	388
2240.320000	2240.840000	389
2243.930000	2244.450000	390
2247.680000	2248.200000	391
2250.330000	2250.860000	392
2254.530000	2255.060000	393
2258.400000	2258.920000	394
2261.710000	2262.240000	395
2264.630000	2265.150000	396
2268.330000	2268.860000	397
2271.060000	2271.580000	398
2275.360000	2275.880000	399
2280.850000	2281.370000	400
2283.690000	2284.210000	401
2287.010000	2287.530000	402
2292.830000	2293.350000	403
2297.980000	2298.500000	404
2304.340000	2304.860000	405
2307.590000	2308.110000	406
2311.130000	2311.650000	407
2313.890000	2314.420000	408
2317.080000	2317.600000	409
2321.100000	2321.620000	410
2324.510000	2325.030000	411
2327.240000	2327.770000	412
2331.010000	2331.530000	413
2333.800000	2334.320000	414
2339.180000	2339.700000	415
2341.810000	2342.330000	416
2346.360000	2346.880000	417
2354.680000	2355.200000	418
2363.110000	2363.630000	419
2371.270000	2371.790000	420
2377.980000	2378.500000	421
2385.330000	2385.850000	422
2388.140000	2388.660000	423
2393.920000	2394.450000	424
2399.300000	2399.820000	425
2404.110000	2404.630000	426
2407.390000	2407.910000	427
2414.640000	2415.160000	428
2418.970000	2419.490000	429
2421.340000	2421.860000	430
2426.620000	2427.140000	431
2433.570000	2434.090000	432
2441.430000	2441.950000	433
2448.670000	2449.190000	434
2456.140000	2456.660000	435
2463.830000	2464.350000	436
2470.200000	2470.730000	437
2478.990000	2479.520000	438
2485.040000	2485.560000	439
2488.670000	2489.190000	440
2495.840000	2496.360000	441
2500.430000	2500.950000	442
2503.930000	2504.450000	443
2506.780000	2507.310000	444
2512.090000	2512.610000	445
2521.010000	2521.530000	446
2528.680000	2529.200000	447
2534.800000	2535.320000	448
2541.670000	2542.190000	449
2549.430000	2549.950000	450
2554.330000	2554.850000	451
2559.380000	2559.900000	452
2566.520000	2567.040000	453
2571.630000	2572.160000	454
2579.990000	2580.520000	455
2584.820000	2585.340000	456
2590.470000	2590.990000	457
2597.970000	2598.490000	458
2602.740000	2603.260000	459
2607.040000	2607.560000	460
2614.300000	2614.830000	461
2622.870000	2623.390000	462
2627.010000	2627.530000	463
2637.670000	2638.200000	464
2644.580000	2645.100000	465
2648.470000	2648.990000	466
2654.650000	2655.170000	467
2660.420000	2660.940000	468
2668.820000	2669.340000	469
2677.430000	2677.950000	470
2679.910000	2680.430000	471
2688.260000	2688.780000	472
2690.240000	2690.760000	473
2695.570000	2696.100000	474
2704.880000	2705.400000	475
2715.020000	2715.540000	476
2722.110000	2722.630000	477
2728.070000	2728.590000	478
2733.690000	2734.210000	479
2742.000000	2742.520000	480
2747.950000	2748.480000	481
2753.740000	2754.260000	482
2761.140000	2761.660000	483
2769.970000	2770.490000	484
2775.860000	2776.380000	485
2783.860000	2784.380000	486
2792.040000	2792.570000	487
2795.200000	2795.720000	488
2802.670000	2803.190000	489
2810.530000	2811.050000	490
2817.790000	2818.320000	491
2823.810000	2824.330000	492
2827.090000	2827.610000	493
2833.940000	2834.460000	494
2840.030000	2840.550000	495
2846.910000	2847.440000	496
2851.090000	2851.610000	497
2856.540000	2857.060000	498
2862.810000	2863.330000	499
2868.470000	2868.990000	500
2873.830000	2874.350000	501
2882.000000	2882.520000	502
2887.230000	2887.750000	503
2891.790000	2892.310000	504
2900.130000	2900.660000	505
2907.060000	2907.580000	506
2910.600000	2911.120000	507
2915.520000	2916.040000	508
2922.000000	2922.520000	509
2926.910000	2927.430000	510
2934.810000	2935.330000	511
2939.520000	2940.040000	512
2942.510000	2943.030000	513
2946.950000	2947.470000	514
2950.840000	2951.360000	515
2956.530000	2957.050000	516
2962.860000	2963.380000	517
2969.730000	2970.250000	518
2973.580000	2974.100000	519
2979.550000	2980.070000	520
2981.800000	2982.320000	521
2988.910000	2989.430000	522
2994.310000	2994.830000	523
2999.000000	2999.530000	524
3003.210000	3003.730000	525
3008.010000	3008.530000	526
3014.190000	3014.710000	527
3020.870000	3021.390000	528
3026.550000	3027.070000	529
3031.970000	3032.490000	530
3036.520000	3037.050000	531
3039.710000	3040.230000	532
3043.110000	3043.630000	533
3048.300000	3048.820000	534
3053.150000	3053.670000	535
3057.580000	3058.100000	536
3065.570000	3066.100000	537
3070.250000	3070.770000	538
3078.900000	3079.420000	539
3081.370000	3081.890000	540
3085.740000	3086.260000	541
3089.450000	3089.970000	542
3093.260000	3093.780000	543
3099.210000	3099.730000	544
3106.260000	3106.780000	545
3112.560000	3113.080000	546
3116.970000	3117.490000	547
3124.120000	3124.650000	548
3127.080000	3127.600000	549
3131.790000	3132.310000	550
3138.670000	3139.190000	551
3145.270000	3145.790000	552
3153.470000	3153.990000	553
3157.010000	3157.530000	554
3163.450000	3163.970000	555
3168.250000	3168.770000	556
3175.660000	3176.180000	557
3181.710000	3182.230000	558
3187.120000	3187.640000	559
3193.490000	3194.020000	560
3202.140000	3202.660000	561
3209.970000	3210.500000	562
3214.530000	3215.050000	563
3222.820000	3223.340000	564
3232.000000	3232.520000	565
3236.350000	3236.870000	566
3239.890000	3240.410000	567
3248.170000	3248.690000	568
3256.060000	3256.580000	569
3259.910000	3260.430000	570
3265.760000	3266.280000	571
3269.510000	3270.030000	572
3277.020000	3277.540000	573
3282.770000	3283.290000	574
3291.940000	3292.460000	575
3297.500000	3298.020000	576
3302.650000	3303.170000	577
3308.880000	3309.400000	578
3315.470000	3315.990000	579
3323.040000	3323.560000	580
3328.780000	3329.310000	581
3334.680000	3335.200000	582
3342.690000	3343.210000	583
3351.450000	3351.980000	584
3356.560000	3357.080000	585
3360.540000	3361.060000	586
3367.870000	3368.390000	587
3373.370000	3373.900000	588
3376.690000	3377.210000	589
3382.650000	3383.170000	590
3390.620000	3391.140000	591
3395.660000	3396.180000	592
3399.920000	3400.450000	593
3405.410000	3405.930000	594
3413.240000	3413.760000	595
3421.000000	3421.520000	596
3428.850000	3429.380000	597
3435.270000	3435.790000	598
3443.920000	3444.440000	599
3451.860000	3452.380000	600
3459.710000	3460.230000	601
3467.310000	3467.830000	602
3474.700000	3475.220000	603
3482.230000	3482.750000	604
3490.990000	3491.510000	605
3495.730000	3496.250000	606
3503.420000	3503.940000	607
3510.190000	3510.720000	608
3518.220000	3518.740000	609
3524.330000	3524.850000	610
3530.820000	3531.340000	611
3538.230000	3538.750000	612
3545.560000	3546.080000	613
3552.590000	3553.110000	614
3555.860000	3556.380000	615
3562.750000	3563.280000	616
3571.850000	3572.370000	617
3578.220000	3578.750000	618
3582.470000	3582.990000	619
3588.520000	3589.040000	620
3596.590000	3597.110000	621
3601.400000	3601.920000	622
3610.460000	3610.990000	623
3616.260000	3616.780000	624
3623.300000	3623.820000	625
3629.030000	3629.560000	626
3631.330000	3631.850000	627
3636.090000	3636.610000	628
3639.200000	3639.720000	629
3646.200000	3646.720000	630
3652.580000	3653.110000	631
3662.910000	3663.430000	632
3666.730000	3667.260000	633
3671.310000	3671.830000	634
3678.230000	3678.750000	635
3686.420000	3686.940000	636
3692.660000	3693.180000	637
3696.080000	3696.610000	638
3699.710000	3700.230000	639
3703.280000	3703.810000	640
3710.370000	3710.890000	641
3715.350000	3715.870000	642
3722.280000	3722.810000	643
3730.370000	3730.890000	644
3738.720000	3739.240000	645
3745.170000	3745.690000	646
3752.540000	3753.060000	647
3761.610000	3762.130000	648
3768.480000	3769.010000	649
3771.970000	3772.490000	650
3779.180000	3779.700000	651
3784.170000	3784.700000	652
