1.840000	2.370000	1
5.430000	5.970000	2
12.410000	12.940000	3
20.170000	20.710000	4
28.610000	29.140000	5
36.620000	37.150000	6
42.360000	42.900000	7
47.620000	48.160000	8
55.730000	56.260000	9
62.560000	63.100000	10
67.800000	68.340000	11
77.390000	77.930000	12
83.070000	83.600000	13
90.930000	91.460000	14
96.940000	97.470000	15
100.640000	101.170000	16
109.530000	110.070000	17
114.640000	115.180000	18
120.390000	120.930000	19
124.390000	124.920000	20
129.820000	130.350000	21
135.210000	135.750000	22
140.390000	140.930000	23
145.520000	146.050000	24
147.900000	148.440000	25
154.630000	155.160000	26
158.800000	159.340000	27
161.280000	161.820000	28
166.950000	167.480000	29
174.440000	174.980000	30
183.460000	184.000000	31
191.890000	192.420000	32
198.920000	199.450000	33
207.490000	208.030000	34
215.780000	216.320000	35
221.930000	222.460000	36
225.520000	226.060000	37
232.130000	232.660000	38
237.220000	237.750000	39
244.270000	244.810000	40
250.260000	250.790000	41
257.670000	258.210000	42
265.700000	266.240000	43
274.900000	275.440000	44
278.210000	278.750000	45
280.470000	281.000000	46
287.730000	288.270000	47
295.950000	296.490000	48
302.990000	303.530000	49
310.720000	311.250000	50
317.080000	317.610000	51
322.780000	323.320000	52
331.740000	332.270000	53
339.690000	340.220000	54
346.000000	346.540000	55
353.420000	353.950000	56
358.100000	358.640000	57
365.200000	365.730000	58
370.540000	371.070000	59
375.910000	376.450000	60
384.450000	384.990000	61
391.740000	392.280000	62
396.310000	396.840000	63
399.790000	400.320000	64
404.760000	405.300000	65
408.880000	409.420000	66
413.870000	414.410000	67
420.530000	421.070000	68
427.050000	427.590000	69
436.840000	437.380000	70
442.340000	442.870000	71
447.670000	448.210000	72
452.660000	453.200000	73
460.520000	461.060000	74
464.590000	465.130000	75
473.480000	474.020000	76
478.600000	479.130000	77
484.030000	484.560000	78
491.360000	491.900000	79
495.030000	495.560000	80
502.910000	503.440000	81
509.400000	509.930000	82
518.290000	518.830000	83
525.870000	526.400000	84
532.030000	532.570000	85
540.520000	541.060000	86
545.260000	545.790000	87
554.250000	554.780000	88
560.720000	561.260000	89
567.750000	568.290000	90
573.140000	573.680000	91
578.820000	579.360000	92
584.200000	584.730000	93
590.530000	591.060000	94
600.120000	600.660000	95
607.380000	607.910000	96
614.610000	615.150000	97
620.240000	620.770000	98
624.990000	625.520000	99
630.430000	630.970000	100
638.720000	639.260000	101
646.840000	647.370000	102
655.350000	655.890000	103
662.980000	663.510000	104
668.100000	668.640000	105
676.000000	676.540000	106
681.100000	681.640000	107
685.580000	686.120000	108
693.180000	693.710000	109
700.350000	700.880000	110
707.990000	708.520000	111
716.480000	717.020000	112
725.640000	726.180000	113
732.150000	732.690000	114
737.320000	737.860000	115
743.780000	744.320000	116
748.270000	748.800000	117
755.440000	755.970000	118
764.370000	764.910000	119
769.830000	770.370000	120
778.140000	778.680000	121
781.830000	782.370000	122
790.180000	790.710000	123
799.270000	799.810000	124
808.200000	808.740000	125
812.790000	813.330000	126
816.990000	817.530000	127
822.740000	823.270000	128
827.130000	827.660000	129
835.400000	835.940000	130
842.550000	843.090000	131
847.060000	847.600000	132
854.250000	854.790000	133
863.690000	864.230000	134
871.400000	871.940000	135
881.070000	881.610000	136
886.360000	886.890000	137
889.050000	889.580000	138
893.360000	893.900000	139
898.640000	899.170000	140
905.500000	906.030000	141
912.420000	912.960000	142
919.670000	920.200000	143
926.140000	926.680000	144
931.810000	932.350000	145
941.200000	941.740000	146
944.370000	944.910000	147
949.860000	950.390000	148
957.430000	957.960000	149
962.770000	963.300000	150
972.110000	972.640000	151
981.370000	981.910000	152
987.510000	988.050000	153
991.700000	992.230000	154
994.310000	994.840000	155
998.550000	999.080000	156
1003.970000	1004.500000	157
1011.040000	1011.580000	158
1018.230000	1018.760000	159
1026.560000	1027.100000	160
1032.320000	1032.850000	161
1039.210000	1039.750000	162
1046.170000	1046.710000	163
1054.490000	1055.020000	164
1060.220000	1060.760000	165
1067.250000	1067.790000	166
1076.490000	1077.030000	167
1079.940000	1080.470000	168
1085.720000	1086.260000	169
1091.370000	1091.910000	170
1098.270000	1098.800000	171
1104.440000	1104.980000	172
1108.290000	1108.820000	173
1113.320000	1113.860000	174
1121.680000	1122.210000	175
1127.730000	1128.260000	176
1133.950000	1134.480000	177
1143.380000	1143.920000	178
1146.530000	1147.070000	179
1152.460000	1152.990000	180
1161.070000	1161.610000	181
1167.380000	1167.910000	182
1176.390000	1176.920000	183
1184.720000	1185.260000	184
1193.580000	1194.120000	185
1200.430000	1200.960000	186
1208.560000	1209.100000	187
1212.110000	1212.650000	188
1221.430000	1221.970000	189
1226.600000	1227.140000	190
1230.230000	1230.770000	191
1235.950000	1236.480000	192
1238.280000	1238.810000	193
1245.850000	1246.390000	194
1249.830000	1250.370000	195
1254.370000	1254.910000	196
1261.900000	1262.430000	197
1267.190000	1267.730000	198
1271.370000	1271.900000	199
1278.380000	1278.910000	200
1283.180000	1283.720000	201
1287.240000	1287.780000	202
1291.350000	1291.880000	203
1294.340000	1294.870000	204
1302.110000	1302.640000	205
1306.180000	1306.720000	206
1313.080000	1313.620000	207
1321.390000	1321.930000	208
1328.780000	1329.310000	209
1335.240000	1335.770000	210
1343.310000	1343.850000	211
1351.200000	1351.730000	212
1357.120000	1357.660000	213
1366.440000	1366.970000	214
1372.810000	1373.350000	215
1378.250000	1378.790000	216
1386.540000	1387.080000	217
1388.930000	1389.460000	218
1393.610000	1394.150000	219
1400.920000	1401.460000	220
1407.400000	1407.940000	221
1414.370000	1414.900000	222
1418.350000	1418.890000	223
1422.550000	1423.090000	224
1427.110000	1427.640000	225
1431.400000	1431.930000	226
1439.690000	1440.220000	227
1445.310000	1445.850000	228
1451.430000	1451.970000	229
1457.740000	1458.270000	230
1459.370000	1459.910000	231
1461.230000	1461.770000	232
1465.250000	1465.790000	233
1470.260000	1470.800000	234
1473.220000	1473.760000	235
1478.200000	1478.730000	236
1486.250000	1486.780000	237
1495.900000	1496.440000	238
1501.100000	1501.640000	239
1509.080000	1509.620000	240
1515.930000	1516.470000	241
1521.010000	1521.550000	242
1527.770000	1528.310000	243
1534.050000	1534.590000	244
1541.430000	1541.970000	245
1546.390000	1546.930000	246
1548.080000	1548.620000	247
1555.300000	1555.830000	248
1563.660000	1564.200000	249
1569.940000	1570.470000	250
1579.760000	1580.300000	251
1586.100000	1586.640000	252
1595.210000	1595.740000	253
1603.720000	1604.260000	254
1611.050000	1611.580000	255
1619.520000	1620.050000	256
1624.850000	1625.390000	257
1632.810000	1633.340000	258
1639.840000	1640.380000	259
1642.090000	1642.630000	260
1646.730000	1647.270000	261
1655.520000	1656.060000	262
1662.660000	1663.190000	263
1668.130000	1668.670000	264
1673.830000	1674.360000	265
1677.460000	1678.000000	266
1683.890000	1684.420000	267
1686.560000	1687.090000	268
1691.980000	1692.520000	269
1697.120000	1697.650000	270
1698.820000	1699.350000	271
1703.230000	1703.770000	272
1707.840000	1708.370000	273
1714.120000	1714.650000	274
1717.550000	1718.090000	275
1721.240000	1721.770000	276
1728.560000	1729.090000	277
1736.090000	1736.620000	278
1742.970000	1743.510000	279
1750.420000	1750.950000	280
1758.030000	1758.570000	281
1762.860000	1763.400000	282
1766.990000	1767.530000	283
1774.910000	1775.450000	284
1779.920000	1780.460000	285
1785.030000	1785.570000	286
1790.100000	1790.630000	287
1797.710000	1798.250000	288
1804.740000	1805.280000	289
1809.810000	1810.340000	290
1816.940000	1817.470000	291
1825.720000	1826.260000	292
1829.360000	1829.900000	293
1836.160000	1836.690000	294
1842.910000	1843.450000	295
1847.060000	1847.590000	296
1853.280000	1853.820000	297
1860.470000	1861.010000	298
1864.330000	1864.860000	299
1867.380000	1867.920000	300
1874.960000	1875.490000	301
1881.490000	1882.030000	302
1889.480000	1890.020000	303
1899.190000	1899.720000	304
1904.820000	1905.350000	305
1906.720000	1907.250000	306
1912.730000	1913.260000	307
1920.810000	1921.340000	308
1927.080000	1927.610000	309
1932.250000	1932.780000	310
1938.970000	1939.510000	311
1947.670000	1948.210000	312
1953.250000	1953.790000	313
1960.580000	1961.120000	314
1967.960000	1968.500000	315
1970.330000	1970.870000	316
1973.480000	1974.020000	317
1981.170000	1981.700000	318
1988.430000	1988.970000	319
1996.840000	1997.380000	320
2003.130000	2003.660000	321
2009.790000	2010.320000	322
2016.370000	2016.900000	323
2021.400000	2021.940000	324
2028.760000	2029.290000	325
2031.900000	2032.430000	326
2041.220000	2041.750000	327
2045.230000	2045.770000	328
2053.090000	2053.630000	329
2059.360000	2059.890000	330
2063.400000	2063.940000	331
2068.120000	2068.650000	332
2073.180000	2073.720000	333
2081.020000	2081.560000	334
2087.010000	2087.550000	335
2093.290000	2093.820000	336
2096.370000	2096.910000	337
2104.800000	2105.340000	338
2112.840000	2113.380000	339
2120.950000	2121.490000	340
2126.570000	2127.100000	341
2133.740000	2134.280000	342
2138.800000	2139.340000	343
2145.890000	2146.430000	344
2151.880000	2152.420000	345
2158.350000	2158.890000	346
2165.560000	2166.100000	347
2173.950000	2174.490000	348
2182.420000	2182.950000	349
2188.040000	2188.580000	350
2196.680000	2197.220000	351
2205.230000	2205.770000	352
2213.530000	2214.060000	353
2221.430000	2221.970000	354
2228.360000	2228.900000	355
2235.180000	2235.710000	356
2242.120000	2242.660000	357
2248.410000	2248.940000	358
2253.920000	2254.460000	359
2262.850000	2263.390000	360
2271.370000	2271.910000	361
2277.120000	2277.650000	362
2285.660000	2286.190000	363
2294.470000	2295.010000	364
2299.630000	2300.160000	365
2302.520000	2303.060000	366
2306.330000	2306.870000	367
2313.920000	2314.460000	368
2321.680000	2322.210000	369
2330.430000	2330.970000	370
2332.820000	2333.360000	371
2335.260000	2335.800000	372
2339.670000	2340.210000	373
2345.480000	2346.020000	374
2354.230000	2354.770000	375
2359.140000	2359.680000	376
2366.450000	2366.990000	377
2371.120000	2371.660000	378
2374.940000	2375.480000	379
2379.390000	2379.920000	380
2389.300000	2389.830000	381
2392.360000	2392.900000	382
2395.860000	2396.400000	383
2403.660000	2404.200000	384
2411.290000	2411.830000	385
2418.710000	2419.250000	386
2427.400000	2427.930000	387
2435.470000	2436.000000	388
2443.370000	2443.910000	389
2447.660000	2448.190000	390
2455.440000	2455.980000	391
2461.100000	2461.630000	392
2464.130000	2464.670000	393
2469.190000	2469.730000	394
2476.220000	2476.750000	395
2485.090000	2485.620000	396
2489.220000	2489.760000	397
2495.820000	2496.360000	398
2504.390000	2504.930000	399
2506.980000	2507.510000	400
2515.360000	2515.890000	401
2520.560000	2521.100000	402
2527.870000	2528.410000	403
2537.500000	2538.040000	404
2544.180000	2544.710000	405
2549.860000	2550.400000	406
2557.690000	2558.230000	407
2565.480000	2566.010000	408
2572.200000	2572.740000	409
2580.540000	2581.080000	410
2589.800000	2590.340000	411
2594.300000	2594.840000	412
2602.680000	2603.220000	413
2609.380000	2609.920000	414
2616.060000	2616.590000	415
2622.660000	2623.190000	416
2626.990000	2627.520000	417
2635.790000	2636.320000	418
2643.870000	2644.400000	419
2646.930000	2647.470000	420
2655.830000	2656.370000	421
2663.120000	2663.660000	422
2669.430000	2669.970000	423
2677.030000	2677.570000	424
2683.130000	2683.670000	425
2688.460000	2689.000000	426
2693.320000	2693.860000	427
2699.780000	2700.320000	428
2705.320000	2705.860000	429
2711.280000	2711.820000	430
2719.590000	2720.120000	431
2726.180000	2726.720000	432
2732.360000	2732.900000	433
2739.130000	2739.670000	434
2746.550000	2747.090000	435
2753.840000	2754.380000	436
2757.210000	2757.750000	437
2763.250000	2763.790000	438
2770.190000	2770.730000	439
2777.730000	2778.270000	440
2786.940000	2787.480000	441
2792.040000	2792.580000	442
2799.570000	2800.110000	443
2805.900000	2806.440000	444
2815.330000	2815.870000	445
2822.280000	2822.820000	446
2828.740000	2829.280000	447
2833.260000	2833.800000	448
2841.110000	2841.640000	449
2848.830000	2849.370000	450
2857.150000	2857.690000	451
2865.290000	2865.830000	452
2868.370000	2868.910000	453
2870.880000	2871.420000	454
2875.760000	2876.300000	455
2879.150000	2879.690000	456
2886.460000	2886.990000	457
2893.610000	2894.150000	458
2901.320000	2901.860000	459
2908.460000	2909.000000	460
2914.350000	2914.890000	461
2920.130000	2920.670000	462
2924.970000	2925.510000	463
2932.890000	2933.420000	464
2938.730000	2939.270000	465
2947.440000	2947.970000	466
2954.450000	2954.990000	467
2957.280000	2957.820000	468
2963.980000	2964.510000	469
2972.360000	2972.890000	470
2979.860000	2980.390000	471
2986.430000	2986.970000	472
2994.340000	2994.880000	473
3002.130000	3002.660000	474
3006.030000	3006.560000	475
3010.650000	3011.190000	476
3015.750000	3016.290000	477
3020.670000	3021.200000	478
3027.230000	3027.760000	479
3031.220000	3031.760000	480
3037.090000	3037.630000	481
3043.900000	3044.440000	482
3050.740000	3051.280000	483
3055.490000	3056.020000	484
3061.250000	3061.780000	485
3065.690000	3066.220000	486
3071.030000	3071.560000	487
3078.400000	3078.930000	488
3086.230000	3086.770000	489
3090.580000	3091.110000	490
3098.350000	3098.890000	491
3105.180000	3105.720000	492
3112.470000	3113.010000	493
3116.260000	3116.800000	494
3119.230000	3119.770000	495
3128.220000	3128.760000	496
3132.320000	3132.850000	497
3140.760000	3141.290000	498
3144.150000	3144.690000	499
3152.280000	3152.820000	500
3157.730000	3158.270000	501
3164.450000	3164.990000	502
3173.340000	3173.880000	503
3181.790000	3182.330000	504
3186.540000	3187.080000	505
3194.700000	3195.240000	506
3202.260000	3202.790000	507
3207.000000	3207.530000	508
3213.520000	3214.050000	509
3219.210000	3219.750000	510
3225.930000	3226.470000	511
3233.620000	3234.160000	512
3240.810000	3241.350000	513
3247.010000	3247.540000	514
3255.490000	3256.030000	515
3266.270000	3266.800000	516
3271.090000	3271.630000	517
3279.400000	3279.940000	518
3284.990000	3285.530000	519
3293.790000	3294.330000	520
3298.670000	3299.200000	521
3303.590000	3304.130000	522
3310.230000	3310.760000	523
