0.220000	0.760000	1
11.520000	12.060000	2
19.690000	20.230000	3
29.030000	29.570000	4
37.070000	37.610000	5
40.110000	40.650000	6
50.990000	51.530000	7
54.290000	54.830000	8
61.460000	62.000000	9
75.240000	75.780000	10
81.710000	82.250000	11
87.180000	87.720000	12
91.990000	92.530000	13
100.160000	100.700000	14
110.060000	110.600000	15
116.550000	117.090000	16
126.390000	126.930000	17
130.220000	130.760000	18
133.500000	134.040000	19
141.910000	142.450000	20
152.180000	152.720000	21
165.230000	165.770000	22
170.820000	171.360000	23
182.430000	182.970000	24
189.310000	189.850000	25
191.540000	192.080000	26
198.500000	199.040000	27
206.480000	207.020000	28
215.340000	215.880000	29
224.650000	225.190000	30
235.480000	236.020000	31
240.660000	241.200000	32
246.050000	246.590000	33
254.510000	255.050000	34
261.840000	262.380000	35
274.080000	274.620000	36
284.860000	285.400000	37
293.810000	294.350000	38
303.400000	303.940000	39
308.680000	309.220000	40
316.700000	317.240000	41
327.290000	327.830000	42
333.690000	334.230000	43
339.220000	339.760000	44
347.450000	347.990000	45
354.170000	354.710000	46
356.930000	357.470000	47
360.350000	360.890000	48
365.730000	366.270000	49
369.100000	369.640000	50
373.630000	374.170000	51
379.840000	380.380000	52
389.710000	390.250000	53
393.860000	394.400000	54
399.360000	399.900000	55
407.300000	407.840000	56
409.190000	409.730000	57
415.170000	415.710000	58
424.880000	425.420000	59
435.630000	436.170000	60
446.340000	446.880000	61
457.740000	458.280000	62
467.710000	468.250000	63
470.230000	470.770000	64
475.520000	476.060000	65
484.140000	484.680000	66
492.230000	492.770000	67
502.460000	503.000000	68
512.650000	513.190000	69
516.390000	516.930000	70
530.360000	530.900000	71
537.590000	538.130000	72
544.040000	544.580000	73
546.950000	547.490000	74
549.950000	550.490000	75
552.550000	553.090000	76
554.540000	555.080000	77
561.930000	562.470000	78
565.670000	566.210000	79
575.330000	575.870000	80
580.750000	581.290000	81
587.320000	587.860000	82
592.410000	592.950000	83
600.020000	600.560000	84
605.490000	606.030000	85
610.130000	610.670000	86
619.910000	620.450000	87
626.610000	627.150000	88
631.920000	632.460000	89
634.940000	635.480000	90
641.460000	642.000000	91
649.960000	650.500000	92
660.970000	661.510000	93
666.450000	666.990000	94
669.950000	670.490000	95
672.290000	672.830000	96
677.780000	678.320000	97
689.280000	689.820000	98
695.800000	696.340000	99
703.600000	704.140000	100
712.730000	713.270000	101
720.710000	721.250000	102
731.070000	731.610000	103
742.490000	743.030000	104
750.320000	750.860000	105
760.510000	761.040000	106
762.510000	763.040000	107
769.190000	769.730000	108
783.110000	783.640000	109
791.840000	792.380000	110
799.510000	800.050000	111
806.210000	806.740000	112
811.460000	812.000000	113
817.840000	818.370000	114
820.770000	821.310000	115
826.930000	827.460000	116
835.820000	836.350000	117
842.520000	843.060000	118
851.780000	852.310000	119
862.420000	862.960000	120
872.400000	872.940000	121
879.100000	879.640000	122
881.230000	881.760000	123
888.880000	889.420000	124
894.610000	895.150000	125
902.810000	903.340000	126
910.960000	911.500000	127
915.700000	916.240000	128
920.500000	921.040000	129
928.520000	929.060000	130
935.960000	936.490000	131
944.440000	944.980000	132
949.370000	949.910000	133
966.760000	967.300000	134
975.140000	975.680000	135
980.420000	980.960000	136
984.890000	985.430000	137
989.860000	990.400000	138
995.340000	995.880000	139
997.910000	998.450000	140
1002.230000	1002.760000	141
1004.450000	1004.990000	142
1007.300000	1007.840000	143
1010.610000	1011.150000	144
1016.630000	1017.170000	145
1024.830000	1025.360000	146
1027.170000	1027.710000	147
1032.900000	1033.430000	148
1037.140000	1037.680000	149
1046.420000	1046.960000	150
1050.120000	1050.660000	151
1058.140000	1058.680000	152
1066.550000	1067.090000	153
1076.040000	1076.580000	154
1083.120000	1083.660000	155
1087.880000	1088.420000	156
1093.300000	1093.840000	157
1103.190000	1103.730000	158
1111.050000	1111.590000	159
1113.140000	1113.680000	160
1123.190000	1123.720000	161
1128.350000	1128.890000	162
1131.040000	1131.580000	163
1134.910000	1135.450000	164
1142.470000	1143.010000	165
1150.540000	1151.080000	166
1158.660000	1159.190000	167
1164.440000	1164.980000	168
1167.560000	1168.100000	169
1169.740000	1170.280000	170
1179.890000	1180.420000	171
1185.610000	1186.150000	172
1192.980000	1193.520000	173
1202.690000	1203.230000	174
1211.990000	1212.530000	175
1214.400000	1214.930000	176
1219.660000	1220.200000	177
1227.810000	1228.350000	178
1232.460000	1232.990000	179
1240.350000	1240.890000	180
1248.950000	1249.490000	181
1258.970000	1259.500000	182
1267.800000	1268.340000	183
1271.870000	1272.400000	184
1277.930000	1278.470000	185
1285.610000	1286.150000	186
1298.850000	1299.380000	187
1311.840000	1312.380000	188
1314.010000	1314.540000	189
1326.390000	1326.930000	190
1332.120000	1332.660000	191
1339.210000	1339.750000	192
1345.570000	1346.110000	193
1355.170000	1355.710000	194
1362.140000	1362.670000	195
1373.130000	1373.660000	196
1378.800000	1379.340000	197
1389.760000	1390.300000	198
1400.790000	1401.330000	199
1408.500000	1409.040000	200
1422.850000	1423.390000	201
1428.310000	1428.850000	202
1432.090000	1432.630000	203
1441.330000	1441.870000	204
1452.050000	1452.590000	205
1457.050000	1457.580000	206
1463.150000	1463.680000	207
1471.730000	1472.270000	208
1482.370000	1482.910000	209
1487.360000	1487.900000	210
1497.520000	1498.060000	211
1504.740000	1505.280000	212
1514.220000	1514.760000	213
1520.480000	1521.020000	214
1529.230000	1529.760000	215
1536.530000	1537.070000	216
1541.820000	1542.360000	217
1551.960000	1552.500000	218
1560.920000	1561.460000	219
1571.870000	1572.410000	220
1574.500000	1575.030000	221
1581.240000	1581.780000	222
1587.100000	1587.640000	223
1590.600000	1591.140000	224
1599.710000	1600.250000	225
1610.110000	1610.640000	226
1617.660000	1618.190000	227
1625.910000	1626.450000	228
1633.170000	1633.710000	229
1641.580000	1642.110000	230
1650.940000	1651.480000	231
1658.720000	1659.260000	232
1668.370000	1668.900000	233
1676.070000	1676.610000	234
1685.700000	1686.230000	235
1692.110000	1692.650000	236
1697.030000	1697.570000	237
1709.210000	1709.750000	238
1715.590000	1716.130000	239
1722.170000	1722.710000	240
1731.840000	1732.370000	241
1738.730000	1739.270000	242
1749.530000	1750.060000	243
1756.550000	1757.090000	244
1772.120000	1772.650000	245
1774.530000	1775.070000	246
1779.650000	1780.190000	247
1794.650000	1795.190000	248
1801.150000	1801.690000	249
1815.940000	1816.480000	250
1818.490000	1819.030000	251
1820.750000	1821.280000	252
1826.870000	1827.410000	253
1830.850000	1831.380000	254
1835.920000	1836.460000	255
1842.870000	1843.410000	256
1852.230000	1852.770000	257
1859.430000	1859.970000	258
1867.630000	1868.160000	259
1875.040000	1875.570000	260
1887.810000	1888.340000	261
1897.550000	1898.080000	262
1902.570000	1903.110000	263
1914.650000	1915.180000	264
1920.540000	1921.080000	265
1926.070000	1926.610000	266
1928.270000	1928.810000	267
1937.350000	1937.890000	268
1950.610000	1951.140000	269
1958.630000	1959.170000	270
1963.040000	1963.580000	271
1974.380000	1974.920000	272
1984.770000	1985.310000	273
1994.550000	1995.080000	274
2001.880000	2002.420000	275
2008.320000	2008.860000	276
2018.230000	2018.770000	277
2023.940000	2024.480000	278
2027.760000	2028.300000	279
2043.570000	2044.110000	280
2059.240000	2059.780000	281
2068.060000	2068.590000	282
2076.170000	2076.710000	283
2086.200000	2086.740000	284
2094.800000	2095.330000	285
2103.680000	2104.220000	286
2112.390000	2112.930000	287
2116.440000	2116.980000	288
2118.830000	2119.360000	289
2125.230000	2125.770000	290
2135.070000	2135.600000	291
2144.420000	2144.960000	292
2152.420000	2152.950000	293
2159.440000	2159.970000	294
2166.430000	2166.970000	295
2171.600000	2172.140000	296
2181.290000	2181.830000	297
2183.770000	2184.310000	298
2192.390000	2192.930000	299
2204.910000	2205.450000	300
2208.620000	2209.160000	301
2211.590000	2212.130000	302
2214.880000	2215.420000	303
2225.570000	2226.110000	304
2236.450000	2236.990000	305
2245.730000	2246.270000	306
2255.380000	2255.920000	307
2260.780000	2261.320000	308
2268.990000	2269.530000	309
2274.650000	2275.190000	310
2276.790000	2277.330000	311
2290.040000	2290.570000	312
2297.280000	2297.820000	313
2303.730000	2304.270000	314
2315.920000	2316.450000	315
2326.320000	2326.860000	316
2335.840000	2336.380000	317
2343.850000	2344.380000	318
2351.310000	2351.850000	319
2364.070000	2364.610000	320
2373.400000	2373.930000	321
2378.810000	2379.350000	322
2392.340000	2392.880000	323
2397.160000	2397.700000	324
2399.430000	2399.970000	325
2407.960000	2408.500000	326
2412.210000	2412.750000	327
2418.980000	2419.520000	328
2423.940000	2424.480000	329
2433.310000	2433.850000	330
2440.180000	2440.710000	331
2448.940000	2449.480000	332
2458.820000	2459.360000	333
2464.610000	2465.150000	334
2476.510000	2477.050000	335
2483.620000	2484.150000	336
2490.890000	2491.430000	337
2500.860000	2501.400000	338
2503.040000	2503.580000	339
2513.870000	2514.400000	340
2521.300000	2521.840000	341
2529.910000	2530.440000	342
2539.740000	2540.280000	343
2549.570000	2550.110000	344
2556.870000	2557.410000	345
2566.500000	2567.030000	346
2574.550000	2575.090000	347
2583.870000	2584.400000	348
2594.750000	2595.290000	349
2605.200000	2605.730000	350
2613.060000	2613.600000	351
2625.290000	2625.820000	352
2631.130000	2631.670000	353
2639.620000	2640.160000	354
2653.620000	2654.160000	355
2662.730000	2663.270000	356
2664.710000	2665.250000	357
2673.940000	2674.480000	358
2682.440000	2682.980000	359
2689.700000	2690.230000	360
2692.200000	2692.730000	361
2700.250000	2700.780000	362
2707.490000	2708.030000	363
2709.640000	2710.180000	364
2713.470000	2714.010000	365
2725.220000	2725.760000	366
2734.380000	2734.910000	367
2738.860000	2739.390000	368
2741.540000	2742.080000	369
2746.060000	2746.590000	370
2757.120000	2757.660000	371
2772.240000	2772.780000	372
2782.680000	2783.220000	373
2787.930000	2788.460000	374
2793.000000	2793.540000	375
2802.320000	2802.860000	376
2808.830000	2809.370000	377
2815.570000	2816.110000	378
2820.240000	2820.780000	379
2826.660000	2827.200000	380
2831.300000	2831.840000	381
2841.040000	2841.580000	382
2848.750000	2849.290000	383
2858.160000	2858.700000	384
2867.140000	2867.680000	385
2875.150000	2875.680000	386
2883.700000	2884.240000	387
2886.880000	2887.420000	388
2891.000000	2891.540000	389
2898.880000	2899.410000	390
2905.940000	2906.470000	391
2913.570000	2914.110000	392
2922.100000	2922.640000	393
2929.250000	2929.790000	394
2934.940000	2935.470000	395
2940.420000	2940.960000	396
2952.190000	2952.720000	397
2957.930000	2958.470000	398
2969.600000	2970.140000	399
2979.150000	2979.690000	400
2989.950000	2990.480000	401
2992.700000	2993.240000	402
3003.110000	3003.640000	403
3007.670000	3008.200000	404
3016.040000	3016.580000	405
3018.540000	3019.080000	406
3026.100000	3026.640000	407
3034.090000	3034.630000	408
3041.570000	3042.100000	409
3048.820000	3049.360000	410
3055.620000	3056.160000	411
3063.540000	3064.080000	412
3065.720000	3066.260000	413
3071.950000	3072.490000	414
3079.720000	3080.260000	415
3086.610000	3087.150000	416
3089.550000	3090.090000	417
3097.720000	3098.260000	418
3103.930000	3104.470000	419
3112.300000	3112.840000	420
3114.770000	3115.310000	421
