0.900000	1.440000	1
8.990000	9.530000	2
16.710000	17.240000	3
21.530000	22.060000	4
28.450000	28.990000	5
35.410000	35.940000	6
40.930000	41.460000	7
46.240000	46.770000	8
52.150000	52.680000	9
60.400000	60.930000	10
63.900000	64.430000	11
70.850000	71.390000	12
78.210000	78.740000	13
85.430000	85.960000	14
93.160000	93.700000	15
99.020000	99.560000	16
102.020000	102.550000	17
108.120000	108.650000	18
117.130000	117.660000	19
125.040000	125.570000	20
133.690000	134.230000	21
141.050000	141.590000	22
143.920000	144.450000	23
151.820000	152.360000	24
158.520000	159.050000	25
162.610000	163.140000	26
171.380000	171.920000	27
175.220000	175.750000	28
179.010000	179.550000	29
183.530000	184.060000	30
187.210000	187.750000	31
190.330000	190.860000	32
198.330000	198.860000	33
204.050000	204.580000	34
209.790000	210.320000	35
215.750000	216.280000	36
222.220000	222.750000	37
231.400000	231.930000	38
239.790000	240.320000	39
243.060000	243.590000	40
249.740000	250.270000	41
256.450000	256.980000	42
259.860000	260.400000	43
268.120000	268.650000	44
276.580000	277.110000	45
284.510000	285.040000	46
293.340000	293.870000	47
301.600000	302.130000	48
307.070000	307.600000	49
314.930000	315.470000	50
320.120000	320.650000	51
328.610000	329.140000	52
335.740000	336.280000	53
343.680000	344.220000	54
347.790000	348.320000	55
356.430000	356.960000	56
360.910000	361.440000	57
365.130000	365.660000	58
374.170000	374.700000	59
378.160000	378.700000	60
381.060000	381.600000	61
387.030000	387.570000	62
395.620000	396.150000	63
401.870000	402.400000	64
406.610000	407.150000	65
415.150000	415.690000	66
423.740000	424.280000	67
429.330000	429.860000	68
435.550000	436.080000	69
442.300000	442.840000	70
449.760000	450.290000	71
455.990000	456.530000	72
460.190000	460.730000	73
467.580000	468.110000	74
476.020000	476.550000	75
483.450000	483.980000	76
489.420000	489.950000	77
497.850000	498.390000	78
504.520000	505.050000	79
510.090000	510.630000	80
518.170000	518.710000	81
526.900000	527.430000	82
533.490000	534.020000	83
541.990000	542.520000	84
549.160000	549.690000	85
553.170000	553.700000	86
558.200000	558.730000	87
566.070000	566.600000	88
573.390000	573.930000	89
580.440000	580.980000	90
584.750000	585.280000	91
591.380000	591.910000	92
598.070000	598.610000	93
604.030000	604.560000	94
610.200000	610.730000	95
615.300000	615.840000	96
622.440000	622.980000	97
628.760000	629.290000	98
636.260000	636.790000	99
643.820000	644.350000	100
646.960000	647.500000	101
653.810000	654.340000	102
659.470000	660.000000	103
667.770000	668.300000	104
673.270000	673.800000	105
679.290000	679.820000	106
683.730000	684.260000	107
690.990000	691.520000	108
696.800000	697.340000	109
704.590000	705.130000	110
708.930000	709.470000	111
712.490000	713.030000	112
714.710000	715.240000	113
723.190000	723.730000	114
729.840000	730.380000	115
734.820000	735.360000	116
739.550000	740.090000	117
746.750000	747.290000	118
752.000000	752.540000	119
756.260000	756.790000	120
763.880000	764.410000	121
771.090000	771.630000	122
777.760000	778.300000	123
785.600000	786.130000	124
793.860000	794.390000	125
802.040000	802.580000	126
808.160000	808.700000	127
810.560000	811.100000	128
813.280000	813.810000	129
817.080000	817.620000	130
820.660000	821.190000	131
828.940000	829.480000	132
832.250000	832.780000	133
835.040000	835.570000	134
840.100000	840.630000	135
848.160000	848.690000	136
852.870000	853.400000	137
858.500000	859.040000	138
866.380000	866.910000	139
873.250000	873.790000	140
881.120000	881.660000	141
886.400000	886.930000	142
894.220000	894.750000	143
902.150000	902.680000	144
910.000000	910.540000	145
912.560000	913.100000	146
919.180000	919.710000	147
924.980000	925.510000	148
929.830000	930.360000	149
935.680000	936.210000	150
944.440000	944.980000	151
951.710000	952.240000	152
958.070000	958.610000	153
966.210000	966.740000	154
974.450000	974.990000	155
980.790000	981.330000	156
988.440000	988.970000	157
996.120000	996.660000	158
1004.960000	1005.500000	159
1011.040000	1011.570000	160
1016.020000	1016.550000	161
1023.130000	1023.660000	162
1029.590000	1030.130000	163
1033.930000	1034.460000	164
1036.870000	1037.410000	165
1043.900000	1044.440000	166
1046.320000	1046.850000	167
1052.230000	1052.760000	168
1059.610000	1060.150000	169
1062.420000	1062.960000	170
1069.970000	1070.500000	171
1078.330000	1078.860000	172
1084.730000	1085.260000	173
1092.930000	1093.460000	174
1101.320000	1101.850000	175
1107.390000	1107.930000	176
1113.590000	1114.130000	177
1117.440000	1117.970000	178
1122.930000	1123.470000	179
1131.450000	1131.980000	180
1139.780000	1140.310000	181
1146.320000	1146.860000	182
1154.080000	1154.620000	183
1157.360000	1157.900000	184
1163.070000	1163.610000	185
1170.270000	1170.800000	186
1178.190000	1178.730000	187
1182.380000	1182.920000	188
1190.740000	1191.270000	189
1199.510000	1200.050000	190
1205.690000	1206.230000	191
1209.510000	1210.050000	192
1216.930000	1217.460000	193
1221.550000	1222.090000	194
1228.230000	1228.760000	195
1232.620000	1233.150000	196
1242.310000	1242.840000	197
1245.730000	1246.270000	198
1252.350000	1252.890000	199
1258.210000	1258.750000	200
1262.310000	1262.840000	201
1270.220000	1270.750000	202
1274.740000	1275.270000	203
1280.290000	1280.820000	204
1288.280000	1288.820000	205
1292.660000	1293.200000	206
1300.320000	1300.860000	207
1304.950000	1305.480000	208
1308.070000	1308.610000	209
1316.560000	1317.090000	210
1322.200000	1322.730000	211
1327.490000	1328.030000	212
1331.510000	1332.050000	213
1337.190000	1337.720000	214
1341.280000	1341.820000	215
1347.690000	1348.220000	216
1355.150000	1355.680000	217
1360.810000	1361.350000	218
1366.290000	1366.820000	219
1371.480000	1372.020000	220
1378.800000	1379.330000	221
1385.350000	1385.890000	222
1390.360000	1390.900000	223
1396.420000	1396.950000	224
1402.060000	1402.590000	225
1410.600000	1411.130000	226
1417.230000	1417.770000	227
1421.960000	1422.490000	228
1431.330000	1431.870000	229
1435.420000	1435.950000	230
1441.170000	1441.700000	231
1446.840000	1447.370000	232
1453.180000	1453.720000	233
1461.500000	1462.040000	234
1465.340000	1465.880000	235
1473.920000	1474.450000	236
1478.570000	1479.100000	237
1483.760000	1484.300000	238
1487.440000	1487.970000	239
1494.520000	1495.050000	240
1501.950000	1502.490000	241
1509.600000	1510.130000	242
1513.490000	1514.030000	243
1520.830000	1521.360000	244
1529.660000	1530.190000	245
1534.530000	1535.070000	246
1538.960000	1539.500000	247
1545.720000	1546.250000	248
1553.260000	1553.790000	249
1561.100000	1561.630000	250
1569.370000	1569.900000	251
1575.560000	1576.090000	252
1579.320000	1579.860000	253
1583.830000	1584.360000	254
1591.700000	1592.240000	255
1598.370000	1598.910000	256
1605.300000	1605.840000	257
1611.860000	1612.390000	258
1618.040000	1618.570000	259
1624.370000	1624.910000	260
1632.000000	1632.530000	261
1636.900000	1637.440000	262
1641.500000	1642.030000	263
1646.640000	1647.180000	264
1652.250000	1652.790000	265
1660.290000	1660.820000	266
1666.350000	1666.890000	267
1674.070000	1674.600000	268
1681.810000	1682.340000	269
1689.490000	1690.020000	270
1697.190000	1697.730000	271
1705.380000	1705.920000	272
1712.530000	1713.060000	273
1718.280000	1718.820000	274
1726.450000	1726.980000	275
1734.700000	1735.230000	276
1742.220000	1742.760000	277
1744.620000	1745.160000	278
1748.270000	1748.810000	279
1752.310000	1752.840000	280
1760.450000	1760.990000	281
1768.280000	1768.810000	282
1774.930000	1775.460000	283
1780.610000	1781.150000	284
1784.660000	1785.190000	285
1789.460000	1790.000000	286
1794.330000	1794.860000	287
1801.730000	1802.260000	288
1809.420000	1809.950000	289
1814.990000	1815.530000	290
1820.600000	1821.130000	291
1828.690000	1829.230000	292
1836.500000	1837.040000	293
1842.530000	1843.070000	294
1847.890000	1848.430000	295
1853.230000	1853.770000	296
1860.490000	1861.020000	297
1864.590000	1865.120000	298
1873.060000	1873.600000	299
1881.250000	1881.780000	300
1888.260000	1888.800000	301
1895.430000	1895.960000	302
1898.910000	1899.450000	303
1904.720000	1905.260000	304
1909.180000	1909.720000	305
1918.290000	1918.820000	306
1922.800000	1923.330000	307
1929.710000	1930.240000	308
1935.710000	1936.250000	309
1941.660000	1942.190000	310
1947.780000	1948.320000	311
1954.700000	1955.230000	312
1963.500000	1964.040000	313
1969.760000	1970.290000	314
1977.110000	1977.650000	315
1982.980000	1983.520000	316
1985.410000	1985.940000	317
1993.640000	1994.170000	318
1999.320000	1999.850000	319
2004.790000	2005.330000	320
2008.300000	2008.830000	321
2016.570000	2017.110000	322
2024.750000	2025.280000	323
2027.680000	2028.220000	324
2033.750000	2034.290000	325
2036.870000	2037.410000	326
2044.120000	2044.650000	327
2051.600000	2052.140000	328
2056.960000	2057.500000	329
2063.200000	2063.740000	330
2068.070000	2068.610000	331
2074.330000	2074.860000	332
2081.420000	2081.950000	333
2090.040000	2090.580000	334
2099.740000	2100.270000	335
2108.540000	2109.080000	336
2110.920000	2111.450000	337
2117.200000	2117.730000	338
2125.610000	2126.150000	339
2133.930000	2134.460000	340
2135.980000	2136.520000	341
2143.340000	2143.870000	342
2148.810000	2149.350000	343
2153.530000	2154.070000	344
2162.740000	2163.270000	345
2167.330000	2167.860000	346
2175.390000	2175.920000	347
2182.860000	2183.390000	348
2189.740000	2190.270000	349
2194.460000	2194.990000	350
2201.680000	2202.220000	351
2208.850000	2209.380000	352
2212.820000	2213.350000	353
2218.350000	2218.890000	354
2221.850000	2222.380000	355
2229.720000	2230.260000	356
2236.600000	2237.140000	357
2242.010000	2242.540000	358
2246.520000	2247.050000	359
2255.640000	2256.180000	360
2258.340000	2258.880000	361
2267.150000	2267.690000	362
2274.520000	2275.050000	363
2282.830000	2283.360000	364
2289.230000	2289.760000	365
2296.890000	2297.430000	366
2298.990000	2299.530000	367
2306.670000	2307.210000	368
2313.450000	2313.990000	369
2316.530000	2317.070000	370
2320.470000	2321.000000	371
2328.690000	2329.220000	372
2336.680000	2337.220000	373
2344.820000	2345.350000	374
2347.500000	2348.040000	375
2355.500000	2356.040000	376
2362.090000	2362.630000	377
2369.060000	2369.590000	378
2377.040000	2377.570000	379
2380.950000	2381.480000	380
2387.610000	2388.140000	381
2395.840000	2396.380000	382
2400.130000	2400.670000	383
2405.950000	2406.480000	384
2411.120000	2411.650000	385
2413.630000	2414.170000	386
2418.490000	2419.030000	387
2422.640000	2423.180000	388
2430.770000	2431.300000	389
2438.220000	2438.750000	390
2444.390000	2444.920000	391
2452.900000	2453.440000	392
2458.870000	2459.410000	393
2465.930000	2466.460000	394
2472.720000	2473.250000	395
2481.050000	2481.590000	396
2487.460000	2488.000000	397
2494.660000	2495.200000	398
2500.780000	2501.320000	399
2509.800000	2510.330000	400
2518.790000	2519.320000	401
2526.550000	2527.080000	402
2532.350000	2532.880000	403
2539.040000	2539.580000	404
2543.250000	2543.790000	405
2549.060000	2549.600000	406
2557.260000	2557.790000	407
2561.300000	2561.840000	408
2569.700000	2570.240000	409
2577.980000	2578.510000	410
2586.940000	2587.480000	411
2590.080000	2590.610000	412
2597.490000	2598.030000	413
2602.930000	2603.460000	414
2607.550000	2608.090000	415
2613.540000	2614.080000	416
2619.220000	2619.750000	417
2623.130000	2623.660000	418
2625.190000	2625.730000	419
2634.380000	2634.910000	420
2642.800000	2643.340000	421
2650.680000	2651.220000	422
2659.530000	2660.070000	423
2667.480000	2668.020000	424
2670.880000	2671.420000	425
2678.280000	2678.820000	426
2685.210000	2685.740000	427
2692.980000	2693.520000	428
2699.340000	2699.880000	429
2708.030000	2708.560000	430
2715.930000	2716.470000	431
2723.010000	2723.550000	432
2730.610000	2731.150000	433
2733.370000	2733.910000	434
2740.930000	2741.460000	435
2745.710000	2746.240000	436
2754.420000	2754.960000	437
