0.350000	0.880000	1
8.090000	8.620000	2
15.370000	15.910000	3
20.880000	21.410000	4
28.290000	28.830000	5
35.710000	36.240000	6
42.490000	43.020000	7
50.250000	50.780000	8
57.670000	58.210000	9
63.710000	64.250000	10
71.490000	72.030000	11
76.250000	76.780000	12
81.870000	82.410000	13
87.460000	88.000000	14
94.050000	94.590000	15
101.610000	102.140000	16
108.990000	109.520000	17
115.800000	116.330000	18
122.160000	122.690000	19
128.510000	129.050000	20
136.290000	136.830000	21
145.360000	145.900000	22
149.920000	150.450000	23
158.540000	159.070000	24
167.310000	167.840000	25
172.840000	173.380000	26
181.560000	182.100000	27
189.030000	189.570000	28
197.230000	197.770000	29
205.640000	206.180000	30
212.430000	212.960000	31
218.640000	219.180000	32
223.860000	224.400000	33
230.900000	231.430000	34
235.490000	236.030000	35
243.360000	243.890000	36
251.770000	252.310000	37
257.010000	257.540000	38
262.190000	262.720000	39
268.780000	269.310000	40
276.320000	276.850000	41
285.900000	286.440000	42
292.530000	293.060000	43
301.020000	301.560000	44
308.450000	308.990000	45
313.240000	313.770000	46
319.110000	319.640000	47
328.520000	329.060000	48
336.310000	336.840000	49
341.330000	341.870000	50
348.750000	349.280000	51
356.500000	357.040000	52
362.590000	363.120000	53
370.170000	370.710000	54
374.900000	375.440000	55
384.370000	384.900000	56
393.190000	393.720000	57
400.970000	401.500000	58
408.470000	409.010000	59
417.070000	417.600000	60
419.630000	420.160000	61
424.220000	424.760000	62
430.590000	431.130000	63
438.170000	438.700000	64
445.050000	445.580000	65
449.920000	450.450000	66
452.310000	452.840000	67
456.690000	457.220000	68
461.040000	461.570000	69
467.820000	468.360000	70
474.760000	475.300000	71
482.190000	482.720000	72
490.140000	490.670000	73
495.970000	496.510000	74
503.860000	504.390000	75
508.690000	509.230000	76
515.110000	515.640000	77
522.810000	523.340000	78
525.140000	525.670000	79
530.270000	530.800000	80
535.450000	535.980000	81
538.050000	538.580000	82
543.410000	543.940000	83
551.490000	552.020000	84
559.390000	559.920000	85
564.910000	565.440000	86
569.330000	569.860000	87
577.600000	578.130000	88
586.490000	587.020000	89
594.160000	594.690000	90
599.180000	599.710000	91
605.940000	606.470000	92
611.380000	611.910000	93
617.650000	618.180000	94
626.230000	626.760000	95
634.140000	634.680000	96
641.640000	642.170000	97
647.860000	648.400000	98
655.840000	656.380000	99
663.580000	664.110000	100
669.250000	669.780000	101
677.550000	678.080000	102
684.210000	684.750000	103
692.640000	693.180000	104
699.580000	700.110000	105
706.800000	707.340000	106
713.180000	713.710000	107
718.420000	718.960000	108
727.170000	727.700000	109
734.500000	735.040000	110
743.010000	743.540000	111
744.830000	745.370000	112
749.610000	750.150000	113
757.370000	757.900000	114
761.350000	761.880000	115
768.590000	769.130000	116
776.080000	776.610000	117
781.960000	782.490000	118
789.300000	789.830000	119
796.330000	796.870000	120
799.430000	799.970000	121
807.600000	808.130000	122
815.670000	816.210000	123
822.630000	823.160000	124
830.900000	831.430000	125
839.220000	839.760000	126
846.690000	847.230000	127
853.720000	854.260000	128
861.880000	862.410000	129
867.980000	868.510000	130
874.120000	874.660000	131
881.720000	882.260000	132
888.580000	889.120000	133
895.610000	896.140000	134
903.790000	904.320000	135
909.380000	909.910000	136
915.060000	915.590000	137
921.360000	921.890000	138
927.790000	928.320000	139
934.920000	935.450000	140
942.950000	943.490000	141
950.330000	950.870000	142
958.770000	959.310000	143
964.990000	965.520000	144
970.110000	970.640000	145
977.780000	978.310000	146
985.100000	985.640000	147
990.750000	991.290000	148
999.050000	999.580000	149
1004.740000	1005.280000	150
1010.910000	1011.450000	151
1015.180000	1015.720000	152
1023.490000	1024.020000	153
1029.290000	1029.830000	154
1035.720000	1036.260000	155
1041.650000	1042.190000	156
1047.220000	1047.750000	157
1052.300000	1052.830000	158
1058.560000	1059.100000	159
1065.490000	1066.020000	160
1074.570000	1075.100000	161
1080.390000	1080.930000	162
1086.060000	1086.590000	163
1090.060000	1090.590000	164
1098.540000	1099.080000	165
1103.160000	1103.700000	166
1112.310000	1112.850000	167
1118.430000	1118.970000	168
1127.690000	1128.230000	169
1135.120000	1135.660000	170
1144.500000	1145.030000	171
1152.590000	1153.130000	172
1159.870000	1160.400000	173
1166.360000	1166.900000	174
1169.830000	1170.360000	175
1176.350000	1176.890000	176
1182.990000	1183.520000	177
1188.630000	1189.160000	178
1195.300000	1195.840000	179
1199.860000	1200.390000	180
1206.780000	1207.320000	181
1212.040000	1212.570000	182
1218.910000	1219.440000	183
1226.830000	1227.360000	184
1230.390000	1230.920000	185
1237.190000	1237.730000	186
1241.810000	1242.340000	187
1247.690000	1248.220000	188
1252.590000	1253.120000	189
1261.520000	1262.060000	190
1268.070000	1268.600000	191
1275.830000	1276.370000	192
1284.040000	1284.570000	193
1291.880000	1292.420000	194
1298.530000	1299.070000	195
1306.560000	1307.100000	196
1314.790000	1315.320000	197
1317.880000	1318.410000	198
1326.890000	1327.420000	199
1332.860000	1333.390000	200
1340.450000	1340.980000	201
1346.480000	1347.020000	202
1353.010000	1353.540000	203
1360.970000	1361.510000	204
1368.540000	1369.080000	205
1375.700000	1376.230000	206
1382.120000	1382.660000	207
1391.170000	1391.700000	208
1399.320000	1399.850000	209
1407.380000	1407.920000	210
1414.400000	1414.930000	211
1421.110000	1421.650000	212
1428.760000	1429.300000	213
1436.850000	1437.380000	214
1443.960000	1444.500000	215
1450.270000	1450.810000	216
1458.620000	1459.150000	217
1467.460000	1467.990000	218
1474.720000	1475.260000	219
1476.990000	1477.520000	220
1483.450000	1483.990000	221
1486.750000	1487.280000	222
1493.430000	1493.960000	223
1501.890000	1502.430000	224
1510.870000	1511.410000	225
1515.560000	1516.100000	226
1521.840000	1522.380000	227
1528.720000	1529.250000	228
1535.700000	1536.230000	229
1541.640000	1542.170000	230
1548.970000	1549.510000	231
1557.540000	1558.070000	232
1566.560000	1567.090000	233
1573.440000	1573.980000	234
1579.410000	1579.950000	235
1587.890000	1588.420000	236
1596.390000	1596.920000	237
1605.380000	1605.910000	238
1612.130000	1612.670000	239
1618.550000	1619.080000	240
1627.220000	1627.750000	241
1633.260000	1633.800000	242
1639.050000	1639.580000	243
1644.260000	1644.800000	244
1651.120000	1651.660000	245
1657.860000	1658.390000	246
1665.620000	1666.160000	247
1673.800000	1674.330000	248
1679.630000	1680.170000	249
1686.750000	1687.280000	250
1693.790000	1694.320000	251
1697.830000	1698.360000	252
1704.010000	1704.550000	253
1712.130000	1712.660000	254
1718.220000	1718.760000	255
1724.360000	1724.890000	256
1730.600000	1731.130000	257
1736.470000	1737.000000	258
1743.470000	1744.000000	259
1749.720000	1750.250000	260
1755.980000	1756.520000	261
1762.530000	1763.060000	262
1768.280000	1768.810000	263
1775.350000	1775.890000	264
1783.680000	1784.210000	265
1791.230000	1791.770000	266
1797.430000	1797.960000	267
1804.900000	1805.430000	268
1813.190000	1813.720000	269
1819.330000	1819.870000	270
1823.030000	1823.560000	271
1828.640000	1829.170000	272
1835.250000	1835.780000	273
1843.270000	1843.810000	274
1850.170000	1850.710000	275
1859.170000	1859.700000	276
1864.820000	1865.350000	277
1869.960000	1870.490000	278
1876.120000	1876.650000	279
1883.290000	1883.830000	280
1891.030000	1891.560000	281
1896.640000	1897.170000	282
1901.310000	1901.840000	283
1908.320000	1908.860000	284
1917.000000	1917.540000	285
1923.480000	1924.020000	286
1928.110000	1928.640000	287
1934.340000	1934.870000	288
1937.620000	1938.160000	289
1945.240000	1945.770000	290
1952.940000	1953.480000	291
1959.030000	1959.570000	292
1965.650000	1966.180000	293
1972.440000	1972.970000	294
1977.840000	1978.380000	295
1985.400000	1985.930000	296
1993.100000	1993.640000	297
2001.290000	2001.830000	298
2010.400000	2010.930000	299
2016.420000	2016.960000	300
2023.920000	2024.460000	301
2031.130000	2031.660000	302
2038.570000	2039.100000	303
2046.010000	2046.550000	304
2051.800000	2052.330000	305
2060.020000	2060.550000	306
2065.810000	2066.350000	307
2071.090000	2071.620000	308
2078.990000	2079.520000	309
2084.610000	2085.140000	310
2090.420000	2090.960000	311
2098.020000	2098.560000	312
2103.220000	2103.760000	313
2111.980000	2112.510000	314
2116.590000	2117.120000	315
2121.480000	2122.020000	316
2127.040000	2127.570000	317
2134.150000	2134.690000	318
2141.520000	2142.050000	319
2149.530000	2150.060000	320
2157.010000	2157.540000	321
2162.260000	2162.800000	322
2168.070000	2168.600000	323
2176.540000	2177.070000	324
2183.350000	2183.880000	325
2190.800000	2191.330000	326
2197.870000	2198.410000	327
2201.180000	2201.710000	328
2207.830000	2208.370000	329
2215.170000	2215.700000	330
2222.550000	2223.080000	331
2231.290000	2231.820000	332
2239.700000	2240.230000	333
2247.600000	2248.130000	334
2256.350000	2256.890000	335
2260.970000	2261.510000	336
2265.550000	2266.080000	337
2271.020000	2271.550000	338
2279.800000	2280.330000	339
2283.900000	2284.440000	340
2289.060000	2289.590000	341
2293.830000	2294.360000	342
2298.110000	2298.650000	343
2304.390000	2304.930000	344
2307.710000	2308.240000	345
2314.640000	2315.170000	346
2319.410000	2319.950000	347
2321.680000	2322.220000	348
2323.800000	2324.340000	349
2330.630000	2331.170000	350
2336.670000	2337.200000	351
2342.540000	2343.080000	352
2348.250000	2348.780000	353
2353.380000	2353.920000	354
2360.590000	2361.130000	355
2369.460000	2369.990000	356
2374.030000	2374.560000	357
2381.210000	2381.750000	358
2390.140000	2390.670000	359
2394.550000	2395.090000	360
2397.110000	2397.640000	361
2403.720000	2404.250000	362
2411.100000	2411.630000	363
2419.510000	2420.040000	364
2427.620000	2428.160000	365
2435.660000	2436.200000	366
2442.050000	2442.580000	367
2445.920000	2446.450000	368
2454.640000	2455.180000	369
2461.480000	2462.020000	370
2468.330000	2468.870000	371
2475.320000	2475.860000	372
2482.790000	2483.330000	373
2489.910000	2490.440000	374
2495.140000	2495.670000	375
2499.480000	2500.010000	376
2503.710000	2504.240000	377
2510.090000	2510.630000	378
2515.760000	2516.290000	379
2518.980000	2519.510000	380
2525.060000	2525.600000	381
2529.100000	2529.630000	382
2534.710000	2535.240000	383
2542.580000	2543.120000	384
2552.230000	2552.760000	385
2560.420000	2560.960000	386
2564.270000	2564.800000	387
2569.590000	2570.130000	388
2577.490000	2578.030000	389
2582.680000	2583.210000	390
2590.110000	2590.650000	391
2599.700000	2600.230000	392
2608.130000	2608.660000	393
2612.780000	2613.310000	394
2616.650000	2617.190000	395
2621.450000	2621.980000	396
2625.800000	2626.330000	397
2633.960000	2634.490000	398
2642.660000	2643.190000	399
2649.340000	2649.870000	400
2655.180000	2655.710000	401
2663.830000	2664.370000	402
2673.160000	2673.690000	403
2680.490000	2681.020000	404
2685.610000	2686.140000	405
2689.770000	2690.310000	406
2693.540000	2694.070000	407
2697.910000	2698.440000	408
2704.890000	2705.420000	409
2713.130000	2713.670000	410
2718.900000	2719.440000	411
2723.740000	2724.270000	412
2729.430000	2729.960000	413
2737.260000	2737.800000	414
2745.100000	2745.640000	415
2750.870000	2751.400000	416
2756.220000	2756.760000	417
2763.500000	2764.040000	418
2769.520000	2770.050000	419
2776.230000	2776.770000	420
2783.190000	2783.730000	421
2793.490000	2794.020000	422
2801.870000	2802.400000	423
2806.600000	2807.130000	424
2815.580000	2816.110000	425
2820.670000	2821.200000	426
2823.260000	2823.790000	427
2830.120000	2830.660000	428
2834.680000	2835.210000	429
2841.400000	2841.940000	430
2847.880000	2848.420000	431
2857.460000	2857.990000	432
2865.270000	2865.800000	433
2872.190000	2872.730000	434
2880.870000	2881.400000	435
2889.020000	2889.560000	436
2895.360000	2895.890000	437
2904.210000	2904.750000	438
2912.210000	2912.740000	439
2916.230000	2916.760000	440
2922.350000	2922.890000	441
2927.240000	2927.780000	442
2933.220000	2933.750000	443
2937.210000	2937.740000	444
2940.160000	2940.700000	445
2948.960000	2949.500000	446
2957.220000	2957.750000	447
2966.310000	2966.840000	448
2971.900000	2972.440000	449
2979.610000	2980.140000	450
2983.510000	2984.040000	451
2986.830000	2987.360000	452
2993.460000	2994.000000	453
2998.920000	2999.450000	454
3005.040000	3005.580000	455
3010.070000	3010.610000	456
3017.790000	3018.320000	457
3023.100000	3023.630000	458
3029.260000	3029.800000	459
3038.150000	3038.690000	460
3043.570000	3044.110000	461
3051.730000	3052.260000	462
3058.240000	3058.770000	463
3065.800000	3066.330000	464
3071.060000	3071.600000	465
3076.720000	3077.250000	466
3080.770000	3081.300000	467
3087.760000	3088.290000	468
3090.950000	3091.490000	469
3095.550000	3096.080000	470
3097.320000	3097.850000	471
3104.890000	3105.420000	472
3107.050000	3107.590000	473
3114.700000	3115.240000	474
3118.140000	3118.680000	475
3121.880000	3122.410000	476
3126.320000	3126.860000	477
3130.170000	3130.700000	478
3134.390000	3134.920000	479
3143.940000	3144.480000	480
3145.630000	3146.160000	481
3153.600000	3154.130000	482
3161.160000	3161.690000	483
3168.550000	3169.080000	484
3176.870000	3177.400000	485
3181.310000	3181.850000	486
3189.330000	3189.860000	487
3195.980000	3196.520000	488
3200.820000	3201.360000	489
3209.500000	3210.030000	490
3217.800000	3218.330000	491
3222.650000	3223.190000	492
3231.680000	3232.210000	493
3239.230000	3239.760000	494
3246.070000	3246.600000	495
3253.020000	3253.550000	496
3260.920000	3261.460000	497
3264.850000	3265.390000	498
3269.700000	3270.230000	499
3277.890000	3278.430000	500
3284.310000	3284.840000	501
3289.100000	3289.630000	502
3294.940000	3295.480000	503
3303.890000	3304.430000	504
3310.930000	3311.470000	505
3318.440000	3318.970000	506
3325.940000	3326.470000	507
3332.840000	3333.370000	508
3336.430000	3336.960000	509
3340.620000	3341.160000	510
3345.510000	3346.040000	511
3353.200000	3353.740000	512
3361.220000	3361.760000	513
3368.900000	3369.440000	514
3373.580000	3374.110000	515
3379.960000	3380.500000	516
3385.350000	3385.880000	517
3392.000000	3392.530000	518
3398.940000	3399.470000	519
