0.470000	0.990000	1
7.120000	7.640000	2
14.440000	14.960000	3
20.570000	21.100000	4
24.690000	25.210000	5
31.480000	32.000000	6
39.640000	40.170000	7
47.420000	47.950000	8
54.350000	54.880000	9
62.770000	63.290000	10
69.360000	69.890000	11
75.550000	76.070000	12
81.540000	82.060000	13
89.740000	90.260000	14
95.910000	96.440000	15
100.110000	100.640000	16
109.070000	109.600000	17
115.960000	116.480000	18
119.960000	120.490000	19
125.930000	126.460000	20
134.660000	135.180000	21
141.750000	142.270000	22
146.590000	147.110000	23
153.520000	154.050000	24
158.930000	159.460000	25
164.610000	165.130000	26
170.510000	171.040000	27
177.380000	177.900000	28
181.240000	181.770000	29
185.990000	186.510000	30
189.720000	190.250000	31
198.420000	198.950000	32
206.840000	207.370000	33
214.850000	215.370000	34
219.750000	220.270000	35
225.180000	225.710000	36
234.950000	235.470000	37
244.170000	244.700000	38
249.190000	249.720000	39
255.150000	255.680000	40
261.240000	261.760000	41
264.460000	264.990000	42
272.650000	273.180000	43
278.710000	279.240000	44
284.990000	285.520000	45
290.450000	290.980000	46
294.210000	294.730000	47
302.410000	302.940000	48
308.270000	308.790000	49
314.040000	314.560000	50
319.480000	320.010000	51
325.140000	325.660000	52
331.660000	332.180000	53
340.810000	341.330000	54
344.640000	345.160000	55
351.890000	352.410000	56
355.450000	355.980000	57
362.210000	362.740000	58
370.230000	370.750000	59
378.320000	378.840000	60
382.700000	383.230000	61
390.110000	390.640000	62
397.480000	398.010000	63
400.720000	401.250000	64
408.110000	408.640000	65
414.000000	414.530000	66
420.030000	420.550000	67
427.530000	428.060000	68
432.580000	433.110000	69
440.270000	440.800000	70
445.020000	445.550000	71
450.320000	450.840000	72
455.490000	456.010000	73
463.860000	464.390000	74
468.670000	469.200000	75
472.700000	473.230000	76
477.710000	478.240000	77
484.390000	484.920000	78
492.850000	493.370000	79
497.290000	497.820000	80
504.460000	504.980000	81
508.860000	509.390000	82
512.510000	513.030000	83
519.910000	520.440000	84
523.080000	523.610000	85
531.130000	531.660000	86
536.300000	536.820000	87
543.280000	543.800000	88
550.180000	550.710000	89
555.730000	556.250000	90
563.050000	563.580000	91
569.330000	569.850000	92
573.510000	574.030000	93
578.460000	578.990000	94
587.320000	587.840000	95
592.150000	592.670000	96
599.710000	600.230000	97
604.140000	604.670000	98
610.290000	610.820000	99
613.940000	614.470000	100
619.960000	620.480000	101
625.840000	626.360000	102
633.240000	633.770000	103
639.960000	640.490000	104
643.700000	644.230000	105
651.750000	652.280000	106
659.930000	660.460000	107
667.230000	667.750000	108
672.610000	673.130000	109
678.550000	679.080000	110
682.590000	683.120000	111
691.560000	692.090000	112
696.210000	696.740000	113
704.550000	705.080000	114
708.700000	709.230000	115
715.530000	716.050000	116
720.910000	721.430000	117
729.380000	729.910000	118
733.030000	733.560000	119
740.610000	741.130000	120
745.500000	746.030000	121
750.800000	751.330000	122
754.990000	755.510000	123
759.990000	760.520000	124
768.820000	769.350000	125
773.510000	774.030000	126
777.680000	778.210000	127
784.970000	785.490000	128
791.220000	791.740000	129
799.690000	800.210000	130
806.820000	807.350000	131
812.480000	813.000000	132
816.750000	817.280000	133
823.150000	823.680000	134
832.060000	832.580000	135
836.000000	836.530000	136
843.020000	843.550000	137
850.890000	851.410000	138
858.910000	859.430000	139
864.730000	865.260000	140
868.880000	869.400000	141
874.110000	874.640000	142
881.280000	881.800000	143
889.510000	890.030000	144
896.210000	896.740000	145
904.140000	904.670000	146
911.250000	911.770000	147
916.550000	917.080000	148
924.040000	924.570000	149
933.000000	933.530000	150
938.230000	938.760000	151
942.340000	942.860000	152
950.260000	950.790000	153
958.110000	958.640000	154
964.210000	964.730000	155
969.550000	970.070000	156
974.470000	975.000000	157
981.250000	981.770000	158
989.460000	989.980000	159
993.940000	994.470000	160
1001.430000	1001.960000	161
1009.760000	1010.280000	162
1018.440000	1018.960000	163
1024.800000	1025.320000	164
1032.890000	1033.410000	165
1041.430000	1041.960000	166
1048.730000	1049.250000	167
1056.420000	1056.940000	168
1065.150000	1065.670000	169
1071.070000	1071.590000	170
1079.060000	1079.580000	171
1082.180000	1082.710000	172
1089.630000	1090.150000	173
1094.050000	1094.580000	174
1102.200000	1102.730000	175
1110.020000	1110.540000	176
1118.480000	1119.010000	177
1125.410000	1125.930000	178
1131.580000	1132.110000	179
1140.410000	1140.940000	180
1148.170000	1148.690000	181
1152.190000	1152.720000	182
1156.630000	1157.160000	183
1164.910000	1165.440000	184
1172.730000	1173.260000	185
1180.710000	1181.230000	186
1184.450000	1184.970000	187
1188.270000	1188.800000	188
1194.710000	1195.230000	189
1198.870000	1199.390000	190
1207.190000	1207.710000	191
1211.260000	1211.790000	192
1215.570000	1216.090000	193
1223.990000	1224.510000	194
1230.420000	1230.950000	195
1237.440000	1237.960000	196
1245.410000	1245.940000	197
1251.380000	1251.910000	198
1257.480000	1258.000000	199
1262.170000	1262.700000	200
1267.030000	1267.560000	201
1274.020000	1274.540000	202
1281.790000	1282.320000	203
1290.430000	1290.960000	204
1299.140000	1299.660000	205
1307.810000	1308.330000	206
1313.150000	1313.680000	207
1321.120000	1321.650000	208
1329.360000	1329.890000	209
1337.900000	1338.430000	210
1341.940000	1342.460000	211
1349.630000	1350.150000	212
1357.670000	1358.190000	213
1362.290000	1362.820000	214
1370.410000	1370.940000	215
1377.790000	1378.320000	216
1385.800000	1386.320000	217
1393.720000	1394.250000	218
1400.070000	1400.590000	219
1406.560000	1407.080000	220
1413.850000	1414.370000	221
1421.410000	1421.940000	222
1428.750000	1429.270000	223
1434.950000	1435.480000	224
1439.890000	1440.410000	225
1447.300000	1447.820000	226
1453.740000	1454.260000	227
1462.070000	1462.590000	228
1468.880000	1469.410000	229
1476.640000	1477.170000	230
1484.510000	1485.040000	231
1490.270000	1490.790000	232
1494.520000	1495.040000	233
1502.080000	1502.610000	234
1507.000000	1507.530000	235
1515.260000	1515.790000	236
1519.530000	1520.050000	237
1525.940000	1526.470000	238
1530.820000	1531.350000	239
1537.270000	1537.800000	240
1543.030000	1543.550000	241
1547.100000	1547.630000	242
1552.660000	1553.180000	243
1560.000000	1560.520000	244
1567.290000	1567.820000	245
1574.600000	1575.120000	246
1581.070000	1581.590000	247
1588.180000	1588.700000	248
1594.760000	1595.280000	249
1601.950000	1602.470000	250
1607.990000	1608.520000	251
1613.970000	1614.500000	252
1622.740000	1623.260000	253
1626.790000	1627.310000	254
1634.930000	1635.460000	255
1639.410000	1639.940000	256
1643.920000	1644.440000	257
1650.430000	1650.960000	258
1654.210000	1654.740000	259
1662.160000	1662.680000	260
1667.600000	1668.130000	261
1674.750000	1675.270000	262
1681.650000	1682.180000	263
1686.540000	1687.070000	264
1691.890000	1692.410000	265
1698.040000	1698.560000	266
1704.890000	1705.410000	267
1712.200000	1712.730000	268
1718.220000	1718.750000	269
1723.610000	1724.140000	270
1728.320000	1728.850000	271
1734.990000	1735.520000	272
1741.860000	1742.390000	273
1748.560000	1749.090000	274
1757.390000	1757.910000	275
1763.950000	1764.470000	276
1769.410000	1769.940000	277
1776.350000	1776.880000	278
1780.550000	1781.070000	279
1786.390000	1786.920000	280
1790.330000	1790.860000	281
1798.130000	1798.660000	282
1802.050000	1802.580000	283
1808.560000	1809.080000	284
1816.160000	1816.690000	285
1823.820000	1824.350000	286
1828.990000	1829.520000	287
1836.890000	1837.420000	288
1841.710000	1842.230000	289
1850.380000	1850.910000	290
1857.780000	1858.310000	291
1865.890000	1866.410000	292
1873.090000	1873.620000	293
1880.180000	1880.710000	294
1886.910000	1887.440000	295
1893.840000	1894.370000	296
1897.960000	1898.490000	297
1905.980000	1906.510000	298
1911.660000	1912.180000	299
1916.350000	1916.870000	300
1922.540000	1923.060000	301
1930.880000	1931.410000	302
1936.790000	1937.310000	303
1942.640000	1943.160000	304
1950.210000	1950.740000	305
1956.460000	1956.990000	306
1960.630000	1961.160000	307
1969.000000	1969.520000	308
1976.490000	1977.020000	309
1983.220000	1983.750000	310
1987.100000	1987.630000	311
1990.800000	1991.330000	312
1999.850000	2000.380000	313
2008.000000	2008.530000	314
2012.820000	2013.350000	315
2019.250000	2019.770000	316
2026.550000	2027.070000	317
2033.280000	2033.810000	318
2038.090000	2038.620000	319
2042.880000	2043.410000	320
2050.230000	2050.750000	321
2056.120000	2056.650000	322
