0.260000	0.780000	1
6.490000	7.020000	2
12.150000	12.670000	3
17.510000	18.040000	4
21.990000	22.520000	5
27.000000	27.520000	6
31.710000	32.230000	7
36.600000	37.130000	8
40.980000	41.510000	9
44.730000	45.260000	10
49.730000	50.250000	11
53.100000	53.620000	12
56.890000	57.410000	13
61.870000	62.390000	14
65.820000	66.340000	15
71.170000	71.690000	16
76.280000	76.800000	17
81.440000	81.960000	18
84.110000	84.630000	19
88.980000	89.500000	20
94.720000	95.250000	21
99.220000	99.740000	22
102.390000	102.920000	23
106.680000	107.200000	24
109.750000	110.280000	25
114.630000	115.160000	26
119.390000	119.910000	27
124.140000	124.660000	28
128.390000	128.910000	29
133.760000	134.290000	30
139.110000	139.640000	31
144.890000	145.420000	32
151.110000	151.640000	33
157.390000	157.920000	34
161.780000	162.310000	35
168.590000	169.110000	36
173.860000	174.390000	37
177.510000	178.040000	38
182.440000	182.960000	39
186.580000	187.110000	40
191.450000	191.970000	41
197.840000	198.360000	42
201.620000	202.150000	43
206.060000	206.580000	44
212.070000	212.590000	45
216.100000	216.620000	46
219.900000	220.430000	47
223.870000	224.390000	48
227.620000	228.150000	49
232.310000	232.830000	50
237.050000	237.580000	51
242.980000	243.510000	52
248.480000	249.010000	53
252.280000	252.800000	54
257.780000	258.310000	55
262.670000	263.190000	56
267.240000	267.760000	57
272.210000	272.740000	58
276.180000	276.710000	59
280.340000	280.870000	60
285.640000	286.170000	61
290.780000	291.310000	62
296.090000	296.620000	63
302.060000	302.590000	64
309.330000	309.850000	65
314.370000	314.900000	66
318.980000	319.510000	67
324.600000	325.120000	68
327.220000	327.750000	69
330.820000	331.340000	70
335.040000	335.560000	71
339.790000	340.310000	72
344.120000	344.640000	73
347.900000	348.420000	74
351.500000	352.030000	75
356.460000	356.990000	76
360.460000	360.990000	77
365.200000	365.730000	78
368.450000	368.980000	79
371.530000	372.060000	80
375.320000	375.840000	81
379.670000	380.190000	82
384.710000	385.240000	83
389.020000	389.540000	84
392.740000	393.270000	85
397.010000	397.540000	86
401.450000	401.970000	87
405.910000	406.440000	88
409.020000	409.540000	89
413.110000	413.630000	90
418.130000	418.660000	91
422.930000	423.450000	92
428.360000	428.880000	93
432.820000	433.340000	94
437.050000	437.580000	95
442.040000	442.570000	96
448.470000	448.990000	97
453.680000	454.210000	98
458.400000	458.930000	99
462.640000	463.170000	100
466.500000	467.020000	101
470.870000	471.390000	102
475.310000	475.830000	103
479.880000	480.410000	104
482.330000	482.850000	105
486.790000	487.320000	106
491.690000	492.220000	107
496.600000	497.130000	108
501.200000	501.720000	109
506.760000	507.290000	110
511.570000	512.100000	111
514.870000	515.390000	112
517.470000	518.000000	113
521.830000	522.360000	114
526.780000	527.310000	115
531.500000	532.030000	116
536.180000	536.710000	117
539.470000	539.990000	118
544.510000	545.030000	119
549.540000	550.060000	120
555.100000	555.630000	121
559.390000	559.910000	122
564.790000	565.320000	123
568.770000	569.290000	124
574.670000	575.200000	125
580.120000	580.640000	126
585.080000	585.610000	127
588.750000	589.280000	128
594.280000	594.800000	129
598.320000	598.850000	130
602.300000	602.830000	131
606.330000	606.860000	132
611.580000	612.100000	133
617.310000	617.840000	134
621.080000	621.600000	135
626.520000	627.050000	136
630.090000	630.620000	137
634.210000	634.740000	138
638.960000	639.480000	139
644.040000	644.560000	140
650.090000	650.620000	141
653.820000	654.350000	142
659.430000	659.960000	143
665.770000	666.300000	144
670.990000	671.510000	145
676.240000	676.770000	146
680.450000	680.980000	147
684.170000	684.690000	148
688.440000	688.960000	149
693.040000	693.560000	150
697.710000	698.240000	151
701.280000	701.800000	152
705.780000	706.310000	153
711.380000	711.900000	154
715.130000	715.660000	155
718.740000	719.260000	156
723.930000	724.460000	157
727.710000	728.240000	158
731.200000	731.720000	159
736.090000	736.620000	160
740.410000	740.940000	161
745.140000	745.670000	162
748.550000	749.070000	163
752.480000	753.010000	164
756.110000	756.640000	165
760.540000	761.060000	166
764.340000	764.870000	167
768.820000	769.340000	168
774.100000	774.630000	169
777.960000	778.490000	170
782.070000	782.590000	171
786.870000	787.390000	172
792.320000	792.840000	173
796.470000	797.000000	174
801.710000	802.230000	175
806.220000	806.740000	176
810.290000	810.810000	177
814.400000	814.920000	178
818.740000	819.270000	179
822.720000	823.250000	180
827.300000	827.820000	181
831.010000	831.540000	182
834.320000	834.850000	183
839.190000	839.710000	184
843.520000	844.040000	185
848.460000	848.990000	186
852.470000	853.000000	187
857.050000	857.570000	188
861.090000	861.620000	189
865.720000	866.240000	190
869.120000	869.640000	191
873.040000	873.560000	192
877.540000	878.070000	193
880.870000	881.400000	194
885.230000	885.750000	195
889.020000	889.540000	196
893.010000	893.540000	197
896.990000	897.520000	198
902.350000	902.870000	199
907.480000	908.010000	200
911.980000	912.510000	201
916.750000	917.270000	202
921.060000	921.590000	203
925.460000	925.990000	204
928.810000	929.340000	205
934.200000	934.720000	206
938.590000	939.120000	207
942.600000	943.120000	208
946.550000	947.070000	209
949.560000	950.080000	210
953.810000	954.330000	211
957.550000	958.070000	212
963.570000	964.100000	213
967.430000	967.960000	214
972.320000	972.840000	215
975.300000	975.820000	216
978.480000	979.010000	217
982.380000	982.910000	218
985.680000	986.210000	219
989.880000	990.410000	220
993.970000	994.500000	221
999.120000	999.640000	222
1002.870000	1003.390000	223
1008.010000	1008.530000	224
1011.460000	1011.980000	225
1014.820000	1015.340000	226
1020.040000	1020.560000	227
1023.620000	1024.140000	228
1026.630000	1027.150000	229
1030.600000	1031.120000	230
1035.210000	1035.740000	231
1039.160000	1039.680000	232
1042.540000	1043.070000	233
1046.600000	1047.130000	234
1052.340000	1052.860000	235
1056.630000	1057.150000	236
1060.640000	1061.170000	237
1065.080000	1065.600000	238
1070.660000	1071.190000	239
1075.050000	1075.580000	240
1078.340000	1078.870000	241
1084.880000	1085.410000	242
1089.490000	1090.020000	243
1093.100000	1093.630000	244
1098.020000	1098.540000	245
1102.420000	1102.940000	246
1106.460000	1106.990000	247
1110.490000	1111.010000	248
1113.420000	1113.950000	249
1119.040000	1119.560000	250
1121.990000	1122.510000	251
1126.400000	1126.920000	252
1130.730000	1131.260000	253
1134.760000	1135.290000	254
1139.300000	1139.830000	255
1145.310000	1145.830000	256
1149.860000	1150.390000	257
1154.250000	1154.770000	258
1158.420000	1158.940000	259
1162.520000	1163.040000	260
1166.740000	1167.270000	261
1172.070000	1172.590000	262
1175.960000	1176.480000	263
1180.480000	1181.000000	264
1185.340000	1185.860000	265
1189.100000	1189.620000	266
1191.980000	1192.510000	267
1196.130000	1196.650000	268
1200.220000	1200.750000	269
1203.930000	1204.450000	270
1208.400000	1208.930000	271
1212.730000	1213.250000	272
1217.900000	1218.430000	273
1221.990000	1222.520000	274
1224.880000	1225.410000	275
1228.670000	1229.190000	276
1233.250000	1233.770000	277
1238.310000	1238.830000	278
1241.930000	1242.460000	279
1245.630000	1246.160000	280
1248.880000	1249.400000	281
1254.370000	1254.890000	282
1259.650000	1260.180000	283
1263.920000	1264.450000	284
1267.160000	1267.690000	285
1272.790000	1273.320000	286
1276.730000	1277.260000	287
1280.550000	1281.080000	288
1283.760000	1284.280000	289
1287.890000	1288.420000	290
1289.970000	1290.490000	291
1294.010000	1294.540000	292
1296.980000	1297.510000	293
1300.170000	1300.690000	294
1304.840000	1305.370000	295
1308.590000	1309.110000	296
1312.490000	1313.010000	297
1316.200000	1316.730000	298
1320.540000	1321.060000	299
1323.930000	1324.450000	300
