0.630000	1.170000	1
10.760000	11.290000	2
18.330000	18.870000	3
22.510000	23.040000	4
25.900000	26.430000	5
36.660000	37.190000	6
44.090000	44.620000	7
51.180000	51.720000	8
57.990000	58.530000	9
63.950000	64.490000	10
73.710000	74.250000	11
78.550000	79.080000	12
83.120000	83.660000	13
90.100000	90.640000	14
99.250000	99.780000	15
105.890000	106.430000	16
120.310000	120.850000	17
128.820000	129.350000	18
133.600000	134.130000	19
138.800000	139.330000	20
143.370000	143.910000	21
149.360000	149.900000	22
157.520000	158.050000	23
166.270000	166.810000	24
172.090000	172.630000	25
184.370000	184.900000	26
187.010000	187.550000	27
196.780000	197.320000	28
202.390000	202.920000	29
211.640000	212.180000	30
219.320000	219.860000	31
223.830000	224.370000	32
232.190000	232.730000	33
237.020000	237.560000	34
241.870000	242.410000	35
247.080000	247.620000	36
253.110000	253.640000	37
257.890000	258.430000	38
264.740000	265.280000	39
268.820000	269.360000	40
277.990000	278.520000	41
286.460000	286.990000	42
295.200000	295.740000	43
299.850000	300.390000	44
303.690000	304.230000	45
309.630000	310.160000	46
314.580000	315.110000	47
318.250000	318.780000	48
329.840000	330.380000	49
340.340000	340.870000	50
348.020000	348.560000	51
357.270000	357.810000	52
366.560000	367.100000	53
376.490000	377.020000	54
380.770000	381.310000	55
390.160000	390.700000	56
395.650000	396.180000	57
401.570000	402.110000	58
406.650000	407.190000	59
416.780000	417.320000	60
422.410000	422.940000	61
426.860000	427.400000	62
429.880000	430.420000	63
440.590000	441.130000	64
446.880000	447.410000	65
451.280000	451.820000	66
459.660000	460.190000	67
466.150000	466.680000	68
470.890000	471.430000	69
480.120000	480.660000	70
485.030000	485.570000	71
490.210000	490.750000	72
498.130000	498.660000	73
505.010000	505.550000	74
511.470000	512.000000	75
521.140000	521.680000	76
525.150000	525.680000	77
534.600000	535.140000	78
542.350000	542.890000	79
551.630000	552.170000	80
566.390000	566.920000	81
577.760000	578.300000	82
584.010000	584.540000	83
593.260000	593.790000	84
599.090000	599.630000	85
602.990000	603.530000	86
607.350000	607.890000	87
613.200000	613.740000	88
618.120000	618.650000	89
623.630000	624.170000	90
630.060000	630.600000	91
639.050000	639.580000	92
646.520000	647.060000	93
651.070000	651.610000	94
657.780000	658.310000	95
661.490000	662.020000	96
672.870000	673.410000	97
681.810000	682.340000	98
686.510000	687.040000	99
694.720000	695.250000	100
698.810000	699.350000	101
701.290000	701.830000	102
704.410000	704.940000	103
707.500000	708.030000	104
714.830000	715.370000	105
718.370000	718.910000	106
723.980000	724.520000	107
734.470000	735.000000	108
744.810000	745.350000	109
750.790000	751.330000	110
762.950000	763.490000	111
770.990000	771.530000	112
779.710000	780.250000	113
786.310000	786.840000	114
793.030000	793.560000	115
805.270000	805.810000	116
809.510000	810.050000	117
817.350000	817.890000	118
824.770000	825.310000	119
835.620000	836.160000	120
845.080000	845.620000	121
852.010000	852.550000	122
860.560000	861.090000	123
865.040000	865.580000	124
873.380000	873.920000	125
877.080000	877.620000	126
881.890000	882.430000	127
885.720000	886.260000	128
899.480000	900.010000	129
905.150000	905.690000	130
913.380000	913.920000	131
925.060000	925.600000	132
932.030000	932.570000	133
941.530000	942.060000	134
946.030000	946.560000	135
959.980000	960.510000	136
970.500000	971.030000	137
974.720000	975.250000	138
986.780000	987.320000	139
994.600000	995.140000	140
1003.210000	1003.750000	141
1010.280000	1010.810000	142
1016.160000	1016.700000	143
1029.270000	1029.810000	144
1042.510000	1043.050000	145
1045.760000	1046.290000	146
1056.410000	1056.950000	147
1066.010000	1066.550000	148
1073.450000	1073.980000	149
1081.320000	1081.860000	150
1092.970000	1093.510000	151
1100.540000	1101.080000	152
1103.690000	1104.230000	153
1109.590000	1110.120000	154
1122.800000	1123.340000	155
1134.420000	1134.950000	156
1139.970000	1140.510000	157
1146.690000	1147.220000	158
1153.230000	1153.770000	159
1158.530000	1159.070000	160
1163.860000	1164.400000	161
1171.600000	1172.140000	162
1174.300000	1174.830000	163
1180.790000	1181.330000	164
1187.910000	1188.440000	165
1191.680000	1192.210000	166
1196.450000	1196.980000	167
1203.120000	1203.660000	168
1208.430000	1208.970000	169
1219.480000	1220.010000	170
1228.560000	1229.090000	171
1238.780000	1239.310000	172
1246.880000	1247.410000	173
1258.700000	1259.230000	174
1268.630000	1269.160000	175
1276.340000	1276.880000	176
1286.210000	1286.740000	177
1296.790000	1297.330000	178
1303.620000	1304.150000	179
1313.180000	1313.720000	180
1322.500000	1323.040000	181
1329.840000	1330.380000	182
1339.780000	1340.310000	183
1345.210000	1345.740000	184
1355.990000	1356.530000	185
1367.450000	1367.990000	186
1377.520000	1378.050000	187
1389.620000	1390.150000	188
1393.450000	1393.980000	189
1401.190000	1401.730000	190
1410.940000	1411.470000	191
1419.150000	1419.690000	192
1426.310000	1426.850000	193
1433.280000	1433.810000	194
1444.290000	1444.820000	195
1449.950000	1450.490000	196
1466.130000	1466.670000	197
1473.240000	1473.780000	198
1479.340000	1479.880000	199
1491.590000	1492.130000	200
1501.770000	1502.310000	201
1512.280000	1512.810000	202
1519.410000	1519.940000	203
1525.080000	1525.620000	204
1535.420000	1535.960000	205
1540.990000	1541.520000	206
1545.510000	1546.040000	207
1551.930000	1552.470000	208
1557.690000	1558.230000	209
1563.610000	1564.140000	210
1567.970000	1568.500000	211
1577.460000	1577.990000	212
1586.240000	1586.780000	213
1592.710000	1593.250000	214
1597.200000	1597.740000	215
1602.480000	1603.020000	216
1613.250000	1613.790000	217
1626.050000	1626.580000	218
1636.900000	1637.440000	219
1646.370000	1646.910000	220
1659.430000	1659.970000	221
1671.370000	1671.900000	222
1679.860000	1680.400000	223
1687.640000	1688.180000	224
1696.970000	1697.500000	225
1703.330000	1703.860000	226
1716.610000	1717.150000	227
1725.020000	1725.550000	228
1737.460000	1738.000000	229
1745.640000	1746.180000	230
1752.090000	1752.620000	231
1761.180000	1761.710000	232
1766.470000	1767.000000	233
1776.960000	1777.490000	234
1780.950000	1781.490000	235
1787.720000	1788.250000	236
1792.310000	1792.850000	237
1800.900000	1801.440000	238
1804.110000	1804.650000	239
1807.110000	1807.650000	240
1816.500000	1817.040000	241
1822.370000	1822.910000	242
1832.700000	1833.230000	243
1839.420000	1839.960000	244
1849.740000	1850.280000	245
1858.970000	1859.500000	246
1868.120000	1868.660000	247
1882.790000	1883.320000	248
1889.090000	1889.630000	249
1903.150000	1903.680000	250
1910.970000	1911.500000	251
1917.620000	1918.160000	252
1925.730000	1926.260000	253
1933.690000	1934.230000	254
1943.620000	1944.160000	255
1947.960000	1948.500000	256
1959.410000	1959.940000	257
1970.290000	1970.830000	258
1977.730000	1978.260000	259
1982.880000	1983.410000	260
1986.290000	1986.830000	261
1996.390000	1996.930000	262
2005.240000	2005.770000	263
2013.030000	2013.570000	264
2016.670000	2017.210000	265
2018.940000	2019.480000	266
2029.600000	2030.130000	267
2042.280000	2042.820000	268
2047.440000	2047.980000	269
2064.240000	2064.780000	270
2070.250000	2070.780000	271
2083.070000	2083.600000	272
2090.930000	2091.470000	273
2096.030000	2096.560000	274
2111.200000	2111.740000	275
2124.070000	2124.600000	276
2135.210000	2135.750000	277
2146.870000	2147.410000	278
2157.430000	2157.970000	279
2164.320000	2164.860000	280
2168.920000	2169.450000	281
2172.920000	2173.450000	282
2180.130000	2180.670000	283
2190.610000	2191.150000	284
2195.110000	2195.640000	285
2203.040000	2203.570000	286
2209.950000	2210.490000	287
2217.800000	2218.340000	288
2226.300000	2226.840000	289
2229.260000	2229.790000	290
2238.860000	2239.400000	291
2251.460000	2251.990000	292
2257.270000	2257.800000	293
2263.480000	2264.020000	294
2269.510000	2270.040000	295
2275.220000	2275.760000	296
2282.450000	2282.990000	297
2290.040000	2290.570000	298
2307.630000	2308.170000	299
2315.800000	2316.340000	300
2329.350000	2329.890000	301
2335.270000	2335.800000	302
2342.610000	2343.140000	303
2347.160000	2347.690000	304
2355.980000	2356.520000	305
2363.110000	2363.650000	306
2371.290000	2371.830000	307
2378.410000	2378.940000	308
2386.750000	2387.280000	309
2397.460000	2398.000000	310
2401.370000	2401.910000	311
2411.710000	2412.250000	312
2420.170000	2420.700000	313
2424.790000	2425.330000	314
2435.580000	2436.120000	315
2440.500000	2441.040000	316
2449.810000	2450.350000	317
2454.340000	2454.870000	318
2459.850000	2460.390000	319
2467.670000	2468.210000	320
2477.550000	2478.090000	321
2487.240000	2487.770000	322
2491.480000	2492.010000	323
2501.210000	2501.750000	324
2512.860000	2513.400000	325
2524.660000	2525.190000	326
2532.300000	2532.840000	327
2538.940000	2539.480000	328
2546.760000	2547.290000	329
2554.950000	2555.480000	330
2564.490000	2565.030000	331
2569.370000	2569.910000	332
2573.360000	2573.900000	333
2579.590000	2580.130000	334
2583.670000	2584.210000	335
2594.960000	2595.500000	336
2601.020000	2601.560000	337
2607.920000	2608.460000	338
2617.410000	2617.940000	339
2624.230000	2624.770000	340
2632.720000	2633.260000	341
2638.850000	2639.390000	342
2647.650000	2648.190000	343
2652.340000	2652.880000	344
2666.460000	2667.000000	345
2676.930000	2677.460000	346
2686.310000	2686.850000	347
2697.440000	2697.980000	348
2703.140000	2703.680000	349
2708.630000	2709.160000	350
2713.410000	2713.940000	351
2721.880000	2722.420000	352
2734.120000	2734.660000	353
2743.640000	2744.180000	354
2748.740000	2749.270000	355
2758.960000	2759.500000	356
2765.820000	2766.360000	357
2776.790000	2777.330000	358
2780.370000	2780.910000	359
2784.540000	2785.070000	360
2790.520000	2791.060000	361
2798.720000	2799.260000	362
2805.640000	2806.180000	363
2813.350000	2813.880000	364
2818.880000	2819.420000	365
2825.540000	2826.080000	366
2830.250000	2830.780000	367
2837.210000	2837.750000	368
2849.110000	2849.650000	369
2854.470000	2855.000000	370
2858.190000	2858.730000	371
2868.870000	2869.410000	372
2872.550000	2873.090000	373
2880.810000	2881.340000	374
2885.780000	2886.310000	375
2899.490000	2900.030000	376
